t,mx,my,mz,mxb,myb,mzb 
1.5606459992738E13,-0.3463745,53.58429,439.2578,1.0238647,68.74237,496.78802
1.5606480134339E13,-2.3590088,52.990723,439.14185,1.0238647,68.74237,496.78802
1.5606500275941E13,-2.558899,52.4765,439.563,1.0238647,68.74237,496.78802
1.5606520417542E13,-2.2476196,52.374268,439.76593,1.0238647,68.74237,496.78802
1.5606540559144E13,-2.7526855,52.62451,439.52026,1.0238647,68.74237,496.78802
1.5606560700745E13,-3.5812378,52.589417,439.8056,1.0238647,68.74237,496.78802
1.5606580842347E13,-3.8024902,52.54669,439.9353,1.0238647,68.74237,496.78802
1.5606600983949E13,-3.40271,53.749084,439.28223,1.0238647,68.74237,496.78802
1.560662112555E13,-2.1957397,53.55835,440.42358,1.0238647,68.74237,496.78802
1.5606641267152E13,-1.9012451,53.411865,440.78217,1.0238647,68.74237,496.78802
1.5606661408753E13,-2.8884888,54.115295,439.81628,1.0238647,68.74237,496.78802
1.5606681550355E13,-2.394104,54.41742,439.45618,1.0238647,68.74237,496.78802
1.5606701691956E13,-2.2476196,54.447937,439.4272,1.0238647,68.74237,496.78802
1.5606721833558E13,-2.3971558,52.51465,440.448,1.0238647,68.74237,496.78802
1.5606741975159E13,-1.6647339,54.167175,440.46478,1.0238647,68.74237,496.78802
1.5606762116761E13,-1.5563965,54.447937,440.44342,1.0238647,68.74237,496.78802
1.5606782258363E13,-1.5563965,54.447937,438.91144,1.0238647,68.74237,496.78802
1.5606802399964E13,-1.7150879,56.193542,439.83917,1.0238647,68.74237,496.78802
1.5606822541566E13,-1.7288208,56.349182,439.9353,1.0238647,68.74237,496.78802
1.5606842683167E13,-1.7288208,55.038452,440.25726,1.0238647,68.74237,496.78802
1.5606862824769E13,-2.0614624,54.966736,439.29596,1.0238647,68.74237,496.78802
1.560688296637E13,-2.0736694,54.966736,439.2578,1.0238647,68.74237,496.78802
1.5606903107972E13,-3.2745361,56.166077,440.09857,1.0238647,68.74237,496.78802
1.5606923249574E13,-2.2476196,55.830383,439.08844,1.0238647,68.74237,496.78802
1.5606943391175E13,-2.2521973,55.856323,439.151,1.0238647,68.74237,496.78802
1.5606963532777E13,-2.39563,56.99005,441.91895,1.0238647,68.74237,496.78802
1.5606983674378E13,-1.7288208,55.65796,440.6128,1.0238647,68.74237,496.78802
1.560700381598E13,-1.7074585,55.67932,440.59143,1.0238647,68.74237,496.78802
1.5607023957581E13,-1.5075684,56.072998,440.31525,1.0238647,68.74237,496.78802
1.5607044099183E13,-2.9388428,56.86798,440.78217,1.0238647,68.74237,496.78802
1.5607064240784E13,-2.7328491,56.697083,440.83862,1.0238647,68.74237,496.78802
1.5607084382386E13,-1.2939453,55.43976,440.9973,1.0238647,68.74237,496.78802
1.5607104523988E13,-3.111267,56.349182,438.91907,1.0238647,68.74237,496.78802
1.5607124665589E13,-3.1906128,56.532288,439.25476,1.0238647,68.74237,496.78802
1.5607144807191E13,-3.4576416,57.269287,441.1194,1.0238647,68.74237,496.78802
1.5607164948792E13,-2.5924683,55.830383,441.1194,1.0238647,68.74237,496.78802
1.5607185090394E13,-2.8305054,55.795288,440.9546,1.0238647,68.74237,496.78802
1.5607205231995E13,-3.767395,55.474854,440.16724,1.0238647,68.74237,496.78802
1.5607225373597E13,-3.630066,54.79431,439.76593,1.0238647,68.74237,496.78802
1.5607245515199E13,-3.7963867,55.125427,440.17334,1.0238647,68.74237,496.78802
1.56072656568E13,-4.321289,56.176758,441.37268,1.0238647,68.74237,496.78802
1.5607285798402E13,-4.321289,56.176758,441.1194,1.0238647,68.74237,496.78802
1.5607305940003E13,-4.223633,56.37207,441.21704,1.0238647,68.74237,496.78802
1.5607326081605E13,-3.768921,56.76422,440.75165,1.0238647,68.74237,496.78802
1.5607346223206E13,-3.2836914,56.523132,439.08844,1.0238647,68.74237,496.78802
1.5607366364808E13,-3.9642334,56.636047,439.64386,1.0238647,68.74237,496.78802
1.5607386506409E13,-5.241394,55.680847,440.89813,1.0238647,68.74237,496.78802
1.5607406648011E13,-5.012512,53.411865,441.1194,1.0238647,68.74237,496.78802
1.5607426789613E13,-5.078125,53.21808,440.67993,1.0238647,68.74237,496.78802
1.5607446931214E13,-5.253601,53.359985,440.00092,1.0238647,68.74237,496.78802
1.5607467072816E13,-5.3588867,54.10309,440.10468,1.0238647,68.74237,496.78802
1.5607487214417E13,-6.2942505,53.311157,440.73944,1.0238647,68.74237,496.78802
1.5607507356019E13,-7.6812744,52.275085,440.97137,1.0238647,68.74237,496.78802
1.560752749762E13,-7.7789307,52.374268,440.10468,1.0238647,68.74237,496.78802
1.5607547639222E13,-6.9854736,52.374268,440.5716,1.0238647,68.74237,496.78802
1.5607567780824E13,-6.6238403,51.309204,440.7196,1.0238647,68.74237,496.78802
1.5607587922425E13,-7.260132,50.126648,440.27405,1.0238647,68.74237,496.78802
1.5607608064027E13,-6.9992065,50.387573,440.19012,1.0238647,68.74237,496.78802
1.5607628205628E13,-7.63855,51.182556,440.45715,1.0238647,68.74237,496.78802
1.560764834723E13,-8.470154,51.683044,440.78217,1.0238647,68.74237,496.78802
1.5607668488831E13,-7.713318,50.924683,440.59753,1.0238647,68.74237,496.78802
1.5607688630433E13,-6.6986084,50.881958,439.682,1.0238647,68.74237,496.78802
1.5607708772034E13,-6.3949585,51.33667,439.08844,1.0238647,68.74237,496.78802
1.5607728913636E13,-7.2143555,51.132202,441.09192,1.0238647,68.74237,496.78802
1.5607749055238E13,-8.093262,51.304626,440.9378,1.0238647,68.74237,496.78802
1.5607769196839E13,-8.296204,51.509094,439.9353,1.0238647,68.74237,496.78802
1.5607789338441E13,-8.407593,50.959778,440.04364,1.0238647,68.74237,496.78802
1.5607809480042E13,-8.24585,49.97101,439.66522,1.0238647,68.74237,496.78802
1.5607829621644E13,-8.123779,49.60785,439.4272,1.0238647,68.74237,496.78802
1.5607849763245E13,-8.711243,50.663757,440.00244,1.0238647,68.74237,496.78802
1.5607869904847E13,-8.390808,51.0437,439.9231,1.0238647,68.74237,496.78802
1.5607890046449E13,-8.123779,50.99182,439.76593,1.0238647,68.74237,496.78802
1.560791018805E13,-7.5012207,50.616455,440.3778,1.0238647,68.74237,496.78802
1.5607930329652E13,-8.404541,49.835205,439.74152,1.0238647,68.74237,496.78802
1.5607950471253E13,-8.815002,49.60785,439.4272,1.0238647,68.74237,496.78802
1.5607970612855E13,-6.5689087,50.268555,440.07568,1.0238647,68.74237,496.78802
1.5607990754456E13,-6.6848755,51.01013,440.27405,1.0238647,68.74237,496.78802
1.5608010896058E13,-6.9137573,51.164246,440.27405,1.0238647,68.74237,496.78802
1.5608031037659E13,-5.9387207,51.023865,442.32178,1.0238647,68.74237,496.78802
1.5608051179261E13,-6.555176,52.407837,441.14838,1.0238647,68.74237,496.78802
1.5608071320863E13,-6.741333,52.719116,440.78217,1.0238647,68.74237,496.78802
1.5608091462464E13,-6.1553955,52.426147,440.4953,1.0238647,68.74237,496.78802
1.5608111604066E13,-5.154419,51.776123,440.44342,1.0238647,68.74237,496.78802
1.5608131745667E13,-5.012512,51.683044,440.44342,1.0238647,68.74237,496.78802
1.5608151887269E13,-4.2419434,51.835632,440.596,1.0238647,68.74237,496.78802
1.560817202887E13,-4.776001,51.228333,440.3061,1.0238647,68.74237,496.78802
1.5608192170472E13,-4.840088,51.164246,440.27405,1.0238647,68.74237,496.78802
1.5608212312074E13,-4.032898,52.615356,439.48364,1.0238647,68.74237,496.78802
1.5608232453675E13,-4.9606323,52.06299,439.10675,1.0238647,68.74237,496.78802
1.5608252595277E13,-5.012512,52.027893,439.08844,1.0238647,68.74237,496.78802
1.5608272736878E13,-3.6621094,52.027893,440.4129,1.0238647,68.74237,496.78802
1.560829287848E13,-3.630066,52.711487,440.10925,1.0238647,68.74237,496.78802
1.5608313020081E13,-3.630066,52.711487,440.10162,1.0238647,68.74237,496.78802
1.5608333161683E13,-3.6621094,51.719666,439.4516,1.0238647,68.74237,496.78802
1.5608353303284E13,-5.1849365,53.58429,440.6128,1.0238647,68.74237,496.78802
1.5608373444886E13,-5.015564,53.56598,440.59753,1.0238647,68.74237,496.78802
1.5608393586488E13,-1.7944336,53.215027,440.2115,1.0238647,68.74237,496.78802
1.5608413728089E13,-2.7648926,52.893066,439.2578,1.0238647,68.74237,496.78802
1.5608433869691E13,-2.7023315,52.82898,439.41193,1.0238647,68.74237,496.78802
1.5608454011292E13,-2.0202637,52.36664,440.82642,1.0238647,68.74237,496.78802
1.5608474152894E13,-1.5563965,53.756714,439.76593,1.0238647,68.74237,496.78802
1.5608494294495E13,-1.6479492,53.66516,439.67743,1.0238647,68.74237,496.78802
1.5608514436097E13,-2.2994995,53.167725,439.24103,1.0238647,68.74237,496.78802
1.5608534577699E13,-2.5924683,53.756714,440.10468,1.0238647,68.74237,496.78802
1.56085547193E13,-2.2872925,54.18396,440.22522,1.0238647,68.74237,496.78802
1.5608574860902E13,-0.8972168,55.87921,440.62195,1.0238647,68.74237,496.78802
1.5608595002503E13,-1.0375977,54.62036,439.9353,1.0238647,68.74237,496.78802
1.5608615144105E13,-0.84991455,54.28009,440.3427,1.0238647,68.74237,496.78802
1.5608635285706E13,-0.3753662,53.186035,441.67938,1.0238647,68.74237,496.78802
1.5608655427308E13,-1.0375977,53.58429,441.28876,1.0238647,68.74237,496.78802
1.5608675568909E13,-0.7217407,53.356934,440.80353,1.0238647,68.74237,496.78802
1.5608695710511E13,-0.20904541,52.81372,439.5218,1.0238647,68.74237,496.78802
1.5608715852113E13,-1.210022,53.06549,439.76593,1.0238647,68.74237,496.78802
1.5608735993714E13,-0.42266846,53.32794,440.74554,1.0238647,68.74237,496.78802
1.5608756135316E13,0.77667236,53.65448,441.745,1.0238647,68.74237,496.78802
1.5608776276917E13,-0.5187988,53.06549,439.08844,1.0238647,68.74237,496.78802
1.5608796418519E13,-0.579834,53.245544,439.73846,1.0238647,68.74237,496.78802
1.560881656012E13,-0.56762695,53.95813,440.95154,1.0238647,68.74237,496.78802
1.5608836701722E13,-0.3463745,54.62036,440.95154,1.0238647,68.74237,496.78802
1.5608856843324E13,-0.3463745,54.62036,440.42358,1.0238647,68.74237,496.78802
1.5608876984925E13,-0.5554199,54.829407,440.07568,1.0238647,68.74237,496.78802
1.5608897126527E13,-0.86364746,55.13916,440.78217,1.0238647,68.74237,496.78802
1.5608917268128E13,-0.64086914,54.763794,440.56244,1.0238647,68.74237,496.78802
1.560893740973E13,-0.96435547,54.737854,440.27405,1.0238647,68.74237,496.78802
1.5608957551331E13,-1.7288208,55.31311,440.27405,1.0238647,68.74237,496.78802
1.5608977692933E13,-1.5655518,54.82025,440.596,1.0238647,68.74237,496.78802
1.5608997834534E13,-1.045227,54.951477,440.123,1.0238647,68.74237,496.78802
1.5609017976136E13,-0.69122314,55.65796,439.2578,1.0238647,68.74237,496.78802
1.5609038117738E13,-0.69122314,55.119324,439.78424,1.0238647,68.74237,496.78802
1.5609058259339E13,-1.05896,54.43573,440.27405,1.0238647,68.74237,496.78802
1.5609078400941E13,-1.3824463,54.275513,440.27405,1.0238647,68.74237,496.78802
1.5609098542542E13,-1.6738892,54.371643,440.93933,1.0238647,68.74237,496.78802
1.5609118684144E13,-2.696228,54.844666,441.26434,1.0238647,68.74237,496.78802
1.5609138825745E13,-3.2836914,55.13916,441.1194,1.0238647,68.74237,496.78802
1.5609158967347E13,-3.0761719,54.930115,441.1194,1.0238647,68.74237,496.78802
1.5609179108949E13,-3.0456543,54.04663,440.59753,1.0238647,68.74237,496.78802
1.560919925055E13,-3.111267,53.58429,440.27405,1.0238647,68.74237,496.78802
1.5609219392152E13,-3.6697388,54.812622,440.1657,1.0238647,68.74237,496.78802
1.5609239533753E13,-3.9749146,54.57306,439.8819,1.0238647,68.74237,496.78802
1.5609259675355E13,-3.9749146,54.10309,439.76593,1.0238647,68.74237,496.78802
1.5609279816956E13,-4.4540405,53.863525,440.69977,1.0238647,68.74237,496.78802
1.5609299958558E13,-4.6676636,54.000854,441.35895,1.0238647,68.74237,496.78802
1.5609320100159E13,-4.6676636,54.10309,441.45813,1.0238647,68.74237,496.78802
1.5609340241761E13,-4.032898,55.49774,441.08734,1.0238647,68.74237,496.78802
1.5609360383363E13,-4.0618896,54.45099,441.20483,1.0238647,68.74237,496.78802
1.5609380524964E13,-4.1488647,53.92914,441.28876,1.0238647,68.74237,496.78802
1.5609400666566E13,-4.0145874,53.79486,441.15753,1.0238647,68.74237,496.78802
1.5609420808167E13,-4.522705,53.756714,440.85388,1.0238647,68.74237,496.78802
1.5609440949769E13,-4.6676636,53.756714,440.78217,1.0238647,68.74237,496.78802
1.560946109137E13,-4.951477,52.9068,440.50598,1.0238647,68.74237,496.78802
1.5609481232972E13,-4.725647,52.719116,441.28876,1.0238647,68.74237,496.78802
1.5609501374574E13,-4.6676636,52.719116,441.45813,1.0238647,68.74237,496.78802
1.5609521516175E13,-5.859375,53.016663,441.7511,1.0238647,68.74237,496.78802
1.5609541657777E13,-4.99115,53.518677,441.05682,1.0238647,68.74237,496.78802
1.5609561799378E13,-4.840088,53.58429,440.95154,1.0238647,68.74237,496.78802
1.560958194098E13,-4.9972534,52.801514,441.10413,1.0238647,68.74237,496.78802
1.5609602082581E13,-6.600952,53.355408,440.49988,1.0238647,68.74237,496.78802
1.5609622224183E13,-6.741333,53.411865,440.44342,1.0238647,68.74237,496.78802
1.5609642365784E13,-4.612732,52.264404,439.32037,1.0238647,68.74237,496.78802
1.5609662507386E13,-4.992676,51.368713,441.3742,1.0238647,68.74237,496.78802
1.5609682648988E13,-5.012512,51.33667,441.45813,1.0238647,68.74237,496.78802
1.5609702790589E13,-5.5252075,51.506042,440.62347,1.0238647,68.74237,496.78802
1.5609722932191E13,-4.840088,54.275513,441.96625,1.0238647,68.74237,496.78802
1.5609743073792E13,-4.8477173,54.229736,441.94794,1.0238647,68.74237,496.78802
1.5609763215394E13,-5.1849365,51.84326,440.91797,1.0238647,68.74237,496.78802
1.5609783356995E13,-5.1849365,51.509094,439.9353,1.0238647,68.74237,496.78802
1.5609803498597E13,-5.154419,51.582336,439.92615,1.0238647,68.74237,496.78802
1.5609823640199E13,-4.760742,52.731323,439.8056,1.0238647,68.74237,496.78802
1.56098437818E13,-5.8776855,52.893066,440.27405,1.0238647,68.74237,496.78802
1.5609863923402E13,-5.82428,52.76642,440.32745,1.0238647,68.74237,496.78802
1.5609884065003E13,-5.1956177,51.805115,440.66315,1.0238647,68.74237,496.78802
1.5609904206605E13,-3.9749146,52.719116,439.76593,1.0238647,68.74237,496.78802
1.5609924348206E13,-4.0771484,52.616882,439.7171,1.0238647,68.74237,496.78802
1.5609944489808E13,-4.8080444,52.05536,439.94598,1.0238647,68.74237,496.78802
1.5609964631409E13,-5.531311,52.201843,442.64374,1.0238647,68.74237,496.78802
1.5609984773011E13,-5.13916,52.52838,442.26074,1.0238647,68.74237,496.78802
1.5610004914613E13,-3.5644531,53.892517,440.8554,1.0238647,68.74237,496.78802
1.5610025056214E13,-3.9749146,53.756714,441.79688,1.0238647,68.74237,496.78802
1.5610045197816E13,-3.65448,53.756714,441.87622,1.0238647,68.74237,496.78802
1.5610065339417E13,-3.1921387,53.756714,441.80145,1.0238647,68.74237,496.78802
1.5610085481019E13,-5.012512,53.756714,440.78217,1.0238647,68.74237,496.78802
1.561010562262E13,-4.8706055,53.518677,440.45715,1.0238647,68.74237,496.78802
1.5610125764222E13,-4.194641,52.79236,439.7934,1.0238647,68.74237,496.78802
1.5610145905824E13,-3.4576416,52.54669,440.27405,1.0238647,68.74237,496.78802
1.5610166047425E13,-3.4576416,52.764893,440.27405,1.0238647,68.74237,496.78802
1.5610186189027E13,-3.1723022,53.523254,440.21912,1.0238647,68.74237,496.78802
1.5610206330628E13,-2.5924683,54.10309,440.10468,1.0238647,68.74237,496.78802
1.561022647223E13,-3.5247803,53.666687,440.65247,1.0238647,68.74237,496.78802
1.5610246613831E13,-4.475403,53.3432,441.81824,1.0238647,68.74237,496.78802
1.5610266755433E13,-3.2836914,54.10309,442.13562,1.0238647,68.74237,496.78802
1.5610286897034E13,-3.1463623,54.10309,442.40875,1.0238647,68.74237,496.78802
1.5610307038636E13,-3.4439087,54.318237,441.7572,1.0238647,68.74237,496.78802
1.5610327180238E13,-4.1488647,54.62036,440.27405,1.0238647,68.74237,496.78802
1.5610347321839E13,-3.994751,53.541565,439.8224,1.0238647,68.74237,496.78802
1.5610367463441E13,-3.5644531,52.597046,439.6469,1.0238647,68.74237,496.78802
1.5610387605042E13,-3.2836914,53.06549,440.10468,1.0238647,68.74237,496.78802
1.5610407746644E13,-2.8625488,53.486633,440.8493,1.0238647,68.74237,496.78802
1.5610427888245E13,-2.0736694,54.10309,440.26794,1.0238647,68.74237,496.78802
1.5610448029847E13,-1.7288208,54.275513,438.91907,1.0238647,68.74237,496.78802
1.5610468171449E13,-2.0965576,54.275513,439.81934,1.0238647,68.74237,496.78802
1.561048831305E13,-1.2893677,53.70941,440.0589,1.0238647,68.74237,496.78802
1.5610508454652E13,-0.3463745,53.237915,439.59656,1.0238647,68.74237,496.78802
1.5610528596253E13,-0.7446289,54.429626,440.57007,1.0238647,68.74237,496.78802
1.5610548737855E13,-2.5634766,54.600525,440.39307,1.0238647,68.74237,496.78802
1.5610568879456E13,-3.630066,54.10309,439.76593,1.0238647,68.74237,496.78802
1.5610589021058E13,-2.5650024,54.740906,439.76593,1.0238647,68.74237,496.78802
1.5610609162659E13,-1.574707,54.811096,440.72876,1.0238647,68.74237,496.78802
1.5610629304261E13,-1.3824463,54.62036,441.28876,1.0238647,68.74237,496.78802
1.5610649445863E13,-1.725769,54.278564,440.2832,1.0238647,68.74237,496.78802
1.5610669587464E13,-1.0864258,54.68445,440.33813,1.0238647,68.74237,496.78802
1.5610689729066E13,-0.69122314,54.966736,440.6128,1.0238647,68.74237,496.78802
1.5610709870667E13,-1.9073486,54.966736,441.3269,1.0238647,68.74237,496.78802
1.5610730012269E13,-1.6769409,56.20575,441.1438,1.0238647,68.74237,496.78802
1.561075015387E13,-1.3824463,56.695557,440.95154,1.0238647,68.74237,496.78802
1.5610770295472E13,-0.9963989,55.793762,441.32996,1.0238647,68.74237,496.78802
1.5610790437074E13,-0.86364746,55.74646,440.4297,1.0238647,68.74237,496.78802
1.5610810578675E13,-0.86364746,55.830383,440.10468,1.0238647,68.74237,496.78802
1.5610830720277E13,-1.9546509,55.55725,440.63873,1.0238647,68.74237,496.78802
1.5610850861878E13,-1.6937256,55.2063,441.05377,1.0238647,68.74237,496.78802
1.561087100348E13,-1.5563965,55.13916,441.1194,1.0238647,68.74237,496.78802
1.5610891145081E13,-1.2695313,56.00128,440.84015,1.0238647,68.74237,496.78802
1.5610911286683E13,-3.2485962,55.30243,440.78217,1.0238647,68.74237,496.78802
1.5610931428284E13,-3.630066,55.13916,440.78217,1.0238647,68.74237,496.78802
1.5610951569886E13,-2.5726318,55.290222,441.2262,1.0238647,68.74237,496.78802
1.5610971711488E13,-1.8066406,56.84662,440.6891,1.0238647,68.74237,496.78802
1.5610991853089E13,-1.7288208,57.040405,440.6128,1.0238647,68.74237,496.78802
1.5611011994691E13,-2.520752,56.248474,442.32025,1.0238647,68.74237,496.78802
1.5611032136292E13,-3.5583496,56.176758,441.214,1.0238647,68.74237,496.78802
1.5611052277894E13,-3.630066,56.176758,441.1194,1.0238647,68.74237,496.78802
1.5611072419495E13,-2.6367188,55.181885,442.41943,1.0238647,68.74237,496.78802
1.5611092561097E13,-3.2669067,56.149292,439.83765,1.0238647,68.74237,496.78802
1.5611112702699E13,-3.2836914,56.176758,439.76593,1.0238647,68.74237,496.78802
1.56111328443E13,-3.1143188,56.002808,440.95306,1.0238647,68.74237,496.78802
1.5611152973772E13,-4.6676636,55.830383,441.45813,1.0238647,68.74237,496.78802
1.5611173115373E13,-4.6585083,55.83954,441.43982,1.0238647,68.74237,496.78802
1.5611193256975E13,-4.396057,56.10199,440.8554,1.0238647,68.74237,496.78802
1.5611213398576E13,-6.05011,54.447937,442.47437,1.0238647,68.74237,496.78802
1.5611233540178E13,-5.9509277,54.522705,442.3767,1.0238647,68.74237,496.78802
1.5611253681779E13,-4.623413,55.32074,441.10565,1.0238647,68.74237,496.78802
1.5611273823381E13,-4.1488647,53.58429,440.95154,1.0238647,68.74237,496.78802
1.5611293964983E13,-4.425049,53.741455,440.9912,1.0238647,68.74237,496.78802
1.5611314106584E13,-6.436157,54.92096,441.28876,1.0238647,68.74237,496.78802
1.5611334248186E13,-5.531311,54.62036,441.28876,1.0238647,68.74237,496.78802
1.5611354389787E13,-5.395508,54.537964,441.26282,1.0238647,68.74237,496.78802
1.5611374531389E13,-4.727173,53.863525,441.0614,1.0238647,68.74237,496.78802
1.561139467299E13,-5.012512,52.719116,440.78217,1.0238647,68.74237,496.78802
1.5611414814592E13,-5.3237915,53.167725,440.7486,1.0238647,68.74237,496.78802
1.5611434956194E13,-6.793213,54.966736,440.6128,1.0238647,68.74237,496.78802
1.5611455097795E13,-7.6049805,54.966736,440.6128,1.0238647,68.74237,496.78802
1.5611475239397E13,-7.5637817,54.67224,440.8188,1.0238647,68.74237,496.78802
1.5611495380998E13,-7.344055,54.022217,441.5451,1.0238647,68.74237,496.78802
1.56115155226E13,-7.0861816,54.79431,441.79688,1.0238647,68.74237,496.78802
1.5611535664201E13,-6.742859,54.35028,441.46118,1.0238647,68.74237,496.78802
1.5611555805803E13,-6.4483643,53.39203,440.8661,1.0238647,68.74237,496.78802
1.5611575947404E13,-7.7789307,53.756714,441.45813,1.0238647,68.74237,496.78802
1.5611596089006E13,-7.8918457,53.86963,441.127,1.0238647,68.74237,496.78802
1.5611616230608E13,-8.065796,53.92456,440.8493,1.0238647,68.74237,496.78802
1.5611636372209E13,-7.951355,53.58429,441.6275,1.0238647,68.74237,496.78802
1.5611656513811E13,-7.76062,53.9032,442.06696,1.0238647,68.74237,496.78802
1.5611676655412E13,-7.432556,54.447937,442.1631,1.0238647,68.74237,496.78802
1.5611696797014E13,-7.432556,54.447937,441.1194,1.0238647,68.74237,496.78802
1.5611716938615E13,-7.3623657,54.232788,440.6311,1.0238647,68.74237,496.78802
1.5611737080217E13,-7.3349,54.592896,440.4419,1.0238647,68.74237,496.78802
1.5611757221819E13,-7.432556,55.485535,441.1194,1.0238647,68.74237,496.78802
1.561177736342E13,-7.748413,55.010986,441.42914,1.0238647,68.74237,496.78802
1.5611797505022E13,-7.1502686,54.934692,441.4795,1.0238647,68.74237,496.78802
1.5611817646623E13,-6.05011,55.485535,441.1194,1.0238647,68.74237,496.78802
1.5611837788225E13,-7.4264526,55.485535,441.1194,1.0238647,68.74237,496.78802
1.5611857929826E13,-7.398987,54.776,441.1194,1.0238647,68.74237,496.78802
1.5611878071428E13,-6.05011,54.10309,441.1194,1.0238647,68.74237,496.78802
1.5611898213029E13,-6.05011,54.849243,440.9378,1.0238647,68.74237,496.78802
1.5611918354631E13,-5.7632446,55.58014,441.25214,1.0238647,68.74237,496.78802
1.5611938496233E13,-5.531311,55.65796,441.6275,1.0238647,68.74237,496.78802
1.5611958637834E13,-5.531311,55.65796,441.23383,1.0238647,68.74237,496.78802
1.5611978779436E13,-4.3945313,54.933167,441.2552,1.0238647,68.74237,496.78802
1.5611998921037E13,-3.630066,54.447937,441.45813,1.0238647,68.74237,496.78802
1.5612019062639E13,-4.8217773,55.638123,441.35284,1.0238647,68.74237,496.78802
1.561203920424E13,-5.531311,56.12793,440.85693,1.0238647,68.74237,496.78802
1.5612059345842E13,-5.531311,56.004333,440.6128,1.0238647,68.74237,496.78802
1.5612079487444E13,-5.2993774,56.004333,441.06598,1.0238647,68.74237,496.78802
1.5612099629045E13,-3.8864136,56.121826,441.17432,1.0238647,68.74237,496.78802
1.5612119770647E13,-3.2836914,56.176758,441.1194,1.0238647,68.74237,496.78802
1.5612139912248E13,-4.637146,56.05316,440.03754,1.0238647,68.74237,496.78802
1.561216005385E13,-4.5578003,57.133484,441.44135,1.0238647,68.74237,496.78802
1.5612180195451E13,-4.321289,57.559204,442.13562,1.0238647,68.74237,496.78802
1.5612200337053E13,-4.4525146,54.82025,440.7318,1.0238647,68.74237,496.78802
1.5612220478654E13,-4.760742,54.727173,440.01465,1.0238647,68.74237,496.78802
1.5612240620256E13,-4.840088,54.966736,439.9353,1.0238647,68.74237,496.78802
1.5612260761858E13,-4.702759,55.38025,440.0711,1.0238647,68.74237,496.78802
1.5612280903459E13,-3.5461426,54.92401,439.83002,1.0238647,68.74237,496.78802
1.5612301045061E13,-3.2836914,54.79431,439.76593,1.0238647,68.74237,496.78802
1.5612321186662E13,-4.5913696,56.39038,440.47852,1.0238647,68.74237,496.78802
1.5612341328264E13,-3.5110474,55.955505,440.46936,1.0238647,68.74237,496.78802
1.5612361469865E13,-3.2836914,55.830383,440.44342,1.0238647,68.74237,496.78802
1.5612381611467E13,-3.894043,55.830383,440.7425,1.0238647,68.74237,496.78802
1.5612401753069E13,-3.8208008,55.674744,440.32745,1.0238647,68.74237,496.78802
1.561242189467E13,-3.8024902,55.65796,440.27405,1.0238647,68.74237,496.78802
1.5612442036272E13,-3.0044556,55.49774,441.36963,1.0238647,68.74237,496.78802
1.5612462177873E13,-3.1021118,56.944275,439.07623,1.0238647,68.74237,496.78802
1.5612482319475E13,-3.111267,57.040405,438.91907,1.0238647,68.74237,496.78802
1.5612502461076E13,-4.283142,54.530334,440.06653,1.0238647,68.74237,496.78802
1.5612522602678E13,-4.1534424,54.956055,440.60364,1.0238647,68.74237,496.78802
1.5612542744279E13,-4.1488647,54.966736,440.6128,1.0238647,68.74237,496.78802
1.5612562885881E13,-2.9449463,56.869507,440.77454,1.0238647,68.74237,496.78802
1.5612583027483E13,-3.4576416,57.040405,439.9353,1.0238647,68.74237,496.78802
1.5612603169084E13,-3.4988403,57.040405,439.9887,1.0238647,68.74237,496.78802
1.5612623310686E13,-4.4570923,57.02057,441.28876,1.0238647,68.74237,496.78802
1.5612643452287E13,-3.8024902,56.695557,441.28876,1.0238647,68.74237,496.78802
1.5612663593889E13,-3.944397,56.723022,441.26282,1.0238647,68.74237,496.78802
1.561268373549E13,-5.2856445,57.089233,440.77454,1.0238647,68.74237,496.78802
1.5612703877092E13,-2.9388428,57.559204,439.08844,1.0238647,68.74237,496.78802
1.5612724018694E13,-3.1539917,57.429504,439.1739,1.0238647,68.74237,496.78802
1.5612744160295E13,-4.548645,56.689453,439.69574,1.0238647,68.74237,496.78802
1.5612764301897E13,-3.8024902,57.733154,439.2578,1.0238647,68.74237,496.78802
1.5612784443498E13,-3.7750244,57.818604,439.34326,1.0238647,68.74237,496.78802
1.56128045851E13,-4.069519,58.12378,440.07416,1.0238647,68.74237,496.78802
1.5612824726701E13,-6.05011,57.559204,441.45813,1.0238647,68.74237,496.78802
1.5612844868303E13,-5.432129,57.44934,441.42303,1.0238647,68.74237,496.78802
1.5612865009904E13,-3.578186,56.884766,441.0614,1.0238647,68.74237,496.78802
1.5612885151506E13,-5.1849365,56.349182,440.27405,1.0238647,68.74237,496.78802
1.5612905293108E13,-5.2734375,56.523132,440.36102,1.0238647,68.74237,496.78802
1.5612925434709E13,-5.671692,56.900024,440.75012,1.0238647,68.74237,496.78802
1.5612945576311E13,-6.05011,56.523132,441.1194,1.0238647,68.74237,496.78802
1.5612965717912E13,-5.895996,56.367493,440.96985,1.0238647,68.74237,496.78802
1.5612985859514E13,-5.316162,56.54297,440.5075,1.0238647,68.74237,496.78802
1.5613006001115E13,-4.840088,57.733154,440.27405,1.0238647,68.74237,496.78802
1.5613026142717E13,-5.1361084,57.31964,440.33203,1.0238647,68.74237,496.78802
1.5613046284319E13,-6.2576294,56.706238,440.26337,1.0238647,68.74237,496.78802
1.561306642592E13,-7.260132,57.040405,439.9353,1.0238647,68.74237,496.78802
1.5613086567522E13,-7.3272705,56.575012,440.1306,1.0238647,68.74237,496.78802
1.5613106709123E13,-7.6400757,55.760193,441.18652,1.0238647,68.74237,496.78802
1.5613126850725E13,-7.951355,55.65796,442.305,1.0238647,68.74237,496.78802
1.5613146992326E13,-7.36084,56.396484,441.87164,1.0238647,68.74237,496.78802
1.5613167133928E13,-7.104492,56.851196,441.214,1.0238647,68.74237,496.78802
1.5613187275529E13,-7.7789307,56.176758,441.1194,1.0238647,68.74237,496.78802
1.5613207417131E13,-7.046509,55.60608,440.88135,1.0238647,68.74237,496.78802
1.5613227558733E13,-6.3064575,54.882813,439.54468,1.0238647,68.74237,496.78802
1.5613247700334E13,-6.3949585,54.79431,438.41095,1.0238647,68.74237,496.78802
1.5613267841936E13,-6.6619873,54.170227,439.19678,1.0238647,68.74237,496.78802
1.5613287983537E13,-7.736206,53.30963,440.3839,1.0238647,68.74237,496.78802
1.5613308125139E13,-8.470154,53.06549,440.78217,1.0238647,68.74237,496.78802
1.561332826674E13,-7.701111,53.25775,441.34674,1.0238647,68.74237,496.78802
1.5613348408342E13,-7.876587,53.805542,441.6046,1.0238647,68.74237,496.78802
1.5613368549944E13,-8.470154,54.10309,441.45813,1.0238647,68.74237,496.78802
1.5613388691545E13,-7.2250366,54.10309,440.8493,1.0238647,68.74237,496.78802
1.5613408833147E13,-7.032776,54.10309,439.61182,1.0238647,68.74237,496.78802
1.5613428974748E13,-7.432556,54.10309,439.08844,1.0238647,68.74237,496.78802
1.561344911635E13,-6.654358,54.881287,440.06958,1.0238647,68.74237,496.78802
1.5613469257951E13,-7.3623657,55.767822,439.94446,1.0238647,68.74237,496.78802
1.5613489399553E13,-7.951355,56.004333,439.59656,1.0238647,68.74237,496.78802
1.5613509541154E13,-6.8832397,54.934692,440.17944,1.0238647,68.74237,496.78802
1.5613529682756E13,-7.1243286,54.93164,439.96887,1.0238647,68.74237,496.78802
1.5613549824358E13,-7.432556,55.13916,439.76593,1.0238647,68.74237,496.78802
1.5613569965959E13,-7.307434,56.27594,440.63263,1.0238647,68.74237,496.78802
1.5613590107561E13,-7.775879,55.40619,439.94293,1.0238647,68.74237,496.78802
1.5613610249162E13,-7.951355,54.966736,439.59656,1.0238647,68.74237,496.78802
1.5613630390764E13,-7.1487427,54.966736,438.02338,1.0238647,68.74237,496.78802
1.5613650532365E13,-6.9137573,56.32782,439.4333,1.0238647,68.74237,496.78802
1.5613670673967E13,-6.9137573,56.695557,439.9353,1.0238647,68.74237,496.78802
1.5613690815569E13,-6.6329956,54.71649,440.4892,1.0238647,68.74237,496.78802
1.561371095717E13,-7.5775146,54.9942,440.7547,1.0238647,68.74237,496.78802
1.5613731098772E13,-7.7789307,55.13916,440.78217,1.0238647,68.74237,496.78802
1.5613751240373E13,-5.845642,55.584717,440.92865,1.0238647,68.74237,496.78802
1.5613771381975E13,-5.834961,55.355835,439.4699,1.0238647,68.74237,496.78802
1.5613791523576E13,-5.8776855,55.31311,439.2578,1.0238647,68.74237,496.78802
1.5613811665178E13,-6.814575,57.185364,440.78827,1.0238647,68.74237,496.78802
1.5613831806779E13,-6.2805176,56.118774,439.70947,1.0238647,68.74237,496.78802
1.5613851948381E13,-6.222534,56.004333,439.59656,1.0238647,68.74237,496.78802
1.5613872089983E13,-6.222534,55.67627,439.91852,1.0238647,68.74237,496.78802
1.5613892231584E13,-6.8862915,56.652832,440.91187,1.0238647,68.74237,496.78802
1.5613912373186E13,-6.9137573,56.695557,440.95154,1.0238647,68.74237,496.78802
1.5613932514787E13,-6.2301636,55.66864,439.9475,1.0238647,68.74237,496.78802
1.5613952656389E13,-5.3588867,55.830383,439.08844,1.0238647,68.74237,496.78802
1.561397279799E13,-5.357361,55.838013,439.1098,1.0238647,68.74237,496.78802
1.5613992939592E13,-5.213928,56.36444,440.2481,1.0238647,68.74237,496.78802
1.5614013081194E13,-6.05011,56.86798,439.4272,1.0238647,68.74237,496.78802
1.5614033222795E13,-6.1019897,56.96106,439.3982,1.0238647,68.74237,496.78802
1.5614053364397E13,-6.7459106,58.410645,438.95874,1.0238647,68.74237,496.78802
1.5614073505998E13,-4.6676636,58.250427,439.4272,1.0238647,68.74237,496.78802
1.56140936476E13,-4.811096,58.106995,439.28833,1.0238647,68.74237,496.78802
1.5614113789201E13,-5.886841,56.86798,438.23395,1.0238647,68.74237,496.78802
1.5614133930803E13,-4.6676636,56.86798,439.4272,1.0238647,68.74237,496.78802
1.5614154072404E13,-4.5913696,56.944275,439.3036,1.0238647,68.74237,496.78802
1.5614174214006E13,-4.0374756,57.49817,438.52692,1.0238647,68.74237,496.78802
1.5614194355608E13,-3.4576416,58.078003,438.24158,1.0238647,68.74237,496.78802
1.5614214497209E13,-3.7872314,57.6828,438.43536,1.0238647,68.74237,496.78802
1.5614234638811E13,-4.937744,55.967712,439.2929,1.0238647,68.74237,496.78802
1.5614254780412E13,-3.9749146,55.830383,439.4272,1.0238647,68.74237,496.78802
1.5614274922014E13,-4.2175293,56.071472,439.27002,1.0238647,68.74237,496.78802
1.5614295063615E13,-4.7561646,57.03888,438.6673,1.0238647,68.74237,496.78802
1.5614315205217E13,-3.9749146,57.559204,438.41095,1.0238647,68.74237,496.78802
1.5614335346819E13,-3.8330078,57.606506,438.739,1.0238647,68.74237,496.78802
1.561435548842E13,-3.5079956,57.781982,439.54773,1.0238647,68.74237,496.78802
1.5614375630022E13,-3.630066,57.90558,439.4272,1.0238647,68.74237,496.78802
1.5614395771623E13,-3.465271,57.96051,438.94043,1.0238647,68.74237,496.78802
1.5614415913225E13,-2.708435,58.02002,438.41248,1.0238647,68.74237,496.78802
1.5614436054826E13,-1.9012451,57.90558,439.4272,1.0238647,68.74237,496.78802
1.5614456196428E13,-2.6535034,57.90558,438.93738,1.0238647,68.74237,496.78802
1.5614476338029E13,-3.5858154,57.644653,438.96484,1.0238647,68.74237,496.78802
1.5614496479631E13,-2.9388428,57.214355,440.44342,1.0238647,68.74237,496.78802
1.5614516621233E13,-3.9215088,57.35321,439.61945,1.0238647,68.74237,496.78802
1.5614536762834E13,-4.853821,57.19757,438.62457,1.0238647,68.74237,496.78802
1.5614556904436E13,-4.1488647,56.695557,438.91907,1.0238647,68.74237,496.78802
1.5614577046037E13,-4.536438,58.01239,438.6917,1.0238647,68.74237,496.78802
1.5614597187639E13,-4.4540405,58.914185,438.8031,1.0238647,68.74237,496.78802
1.561461732924E13,-3.8024902,58.078003,439.2578,1.0238647,68.74237,496.78802
1.5614637470842E13,-4.652405,57.737732,438.92517,1.0238647,68.74237,496.78802
1.5614657612444E13,-5.531311,56.861877,439.09454,1.0238647,68.74237,496.78802
1.5614677754045E13,-5.531311,56.349182,439.59656,1.0238647,68.74237,496.78802
1.5614697895647E13,-5.3466797,56.533813,438.8733,1.0238647,68.74237,496.78802
1.5614718037248E13,-5.5664063,56.695557,438.6139,1.0238647,68.74237,496.78802
1.561473817885E13,-5.8776855,56.695557,438.91907,1.0238647,68.74237,496.78802
1.5614758320451E13,-5.9783936,56.59485,439.01825,1.0238647,68.74237,496.78802
1.5614778462053E13,-5.6411743,55.49774,438.68866,1.0238647,68.74237,496.78802
1.5614798603654E13,-5.3588867,54.79431,438.41095,1.0238647,68.74237,496.78802
1.5614818745256E13,-6.0043335,55.007935,438.8321,1.0238647,68.74237,496.78802
1.5614838886858E13,-6.3949585,55.358887,438.8733,1.0238647,68.74237,496.78802
1.5614859028459E13,-6.3949585,55.485535,438.7497,1.0238647,68.74237,496.78802
1.5614879170061E13,-5.935669,56.404114,438.5254,1.0238647,68.74237,496.78802
1.5614899311662E13,-7.1136475,55.693054,438.64136,1.0238647,68.74237,496.78802
1.5614919453264E13,-7.7789307,55.13916,438.7497,1.0238647,68.74237,496.78802
1.5614939594865E13,-7.167053,55.99518,438.3911,1.0238647,68.74237,496.78802
1.5614959736467E13,-7.5393677,56.474304,438.6093,1.0238647,68.74237,496.78802
1.5614979878069E13,-7.7789307,56.523132,438.7497,1.0238647,68.74237,496.78802
1.561500001967E13,-6.6101074,56.910706,438.62305,1.0238647,68.74237,496.78802
1.5615020161272E13,-5.958557,54.655457,438.06152,1.0238647,68.74237,496.78802
1.5615040302873E13,-5.8776855,53.92914,437.90283,1.0238647,68.74237,496.78802
1.5615060444475E13,-5.4656982,54.066467,438.84583,1.0238647,68.74237,496.78802
1.5615080586076E13,-6.338501,52.842712,438.1302,1.0238647,68.74237,496.78802
1.5615100727678E13,-6.5689087,52.54669,437.90283,1.0238647,68.74237,496.78802
1.5615120869279E13,-6.713867,54.138184,437.76245,1.0238647,68.74237,496.78802
1.5615141010881E13,-6.1523438,52.679443,438.31177,1.0238647,68.74237,496.78802
1.5615161152483E13,-6.05011,52.374268,438.41095,1.0238647,68.74237,496.78802
1.5615181294084E13,-6.9641113,52.677917,439.0091,1.0238647,68.74237,496.78802
1.5615201435686E13,-4.9209595,53.338623,437.87537,1.0238647,68.74237,496.78802
1.5615221577287E13,-4.6676636,53.411865,437.73346,1.0238647,68.74237,496.78802
1.5615241718889E13,-7.5408936,52.13318,437.73346,1.0238647,68.74237,496.78802
1.561526186049E13,-6.6452026,50.89264,439.1632,1.0238647,68.74237,496.78802
1.5615282002092E13,-6.5689087,50.81787,439.2578,1.0238647,68.74237,496.78802
1.5615302143694E13,-5.5664063,52.15454,438.93127,1.0238647,68.74237,496.78802
1.5615322285295E13,-6.378174,50.675964,439.0854,1.0238647,68.74237,496.78802
1.5615342426897E13,-6.3949585,50.645447,439.08844,1.0238647,68.74237,496.78802
1.5615362568498E13,-7.759094,51.67694,439.76898,1.0238647,68.74237,496.78802
1.56153827101E13,-5.531311,51.164246,439.9353,1.0238647,68.74237,496.78802
1.5615402851701E13,-5.5252075,51.156616,439.90326,1.0238647,68.74237,496.78802
1.5615422993303E13,-5.404663,50.964355,439.1159,1.0238647,68.74237,496.78802
1.5615443134904E13,-6.222534,50.473022,439.59656,1.0238647,68.74237,496.78802
1.5615463276506E13,-6.237793,50.543213,439.50043,1.0238647,68.74237,496.78802
1.5615483418108E13,-6.3461304,51.35193,438.45978,1.0238647,68.74237,496.78802
1.5615503559709E13,-5.8776855,51.509094,438.91907,1.0238647,68.74237,496.78802
1.5615523701311E13,-5.92041,51.38092,439.0869,1.0238647,68.74237,496.78802
1.5615543842912E13,-6.0791016,50.80719,440.0879,1.0238647,68.74237,496.78802
1.5615563984514E13,-5.1849365,52.893066,438.91907,1.0238647,68.74237,496.78802
1.5615584126115E13,-5.1574707,52.864075,438.94806,1.0238647,68.74237,496.78802
1.5615604267717E13,-4.951477,52.656555,438.90533,1.0238647,68.74237,496.78802
1.5615624409319E13,-4.6676636,52.374268,438.0722,1.0238647,68.74237,496.78802
1.561564455092E13,-4.7042847,52.191162,438.39417,1.0238647,68.74237,496.78802
1.5615664692522E13,-4.9575806,51.46942,439.48364,1.0238647,68.74237,496.78802
1.5615684834123E13,-5.3588867,51.33667,439.08844,1.0238647,68.74237,496.78802
1.5615704975725E13,-5.053711,51.90277,439.1327,1.0238647,68.74237,496.78802
1.5615725117326E13,-4.1488647,53.12195,439.34937,1.0238647,68.74237,496.78802
1.5615745258928E13,-4.1488647,51.85547,439.59656,1.0238647,68.74237,496.78802
1.5615765400529E13,-4.0481567,51.85547,439.299,1.0238647,68.74237,496.78802
1.5615785542131E13,-3.4820557,52.391052,438.47656,1.0238647,68.74237,496.78802
1.5615805683733E13,-2.7648926,53.58429,438.24158,1.0238647,68.74237,496.78802
1.5615825825334E13,-3.1173706,52.764893,438.70087,1.0238647,68.74237,496.78802
1.5615845966936E13,-3.4362793,51.28479,439.23798,1.0238647,68.74237,496.78802
1.5615866108537E13,-2.7648926,51.509094,438.58032,1.0238647,68.74237,496.78802
1.5615886250139E13,-3.0303955,52.43225,438.83972,1.0238647,68.74237,496.78802
1.561590639174E13,-3.4576416,53.10669,438.8565,1.0238647,68.74237,496.78802
1.5615926533342E13,-3.4576416,51.85547,438.24158,1.0238647,68.74237,496.78802
1.5615946674944E13,-2.871704,51.41449,438.6734,1.0238647,68.74237,496.78802
1.5615966816545E13,-1.3931274,50.741577,439.33258,1.0238647,68.74237,496.78802
1.5615986958147E13,-0.5187988,50.645447,439.4272,1.0238647,68.74237,496.78802
1.5616007099748E13,-0.7614136,51.693726,439.50653,1.0238647,68.74237,496.78802
1.561602724135E13,-0.70495605,51.893616,439.27155,1.0238647,68.74237,496.78802
1.5616047382951E13,-0.3463745,50.81787,438.91907,1.0238647,68.74237,496.78802
1.5616067524553E13,-0.25787354,51.786804,439.69727,1.0238647,68.74237,496.78802
1.5616087666154E13,-0.44555664,51.53961,439.46686,1.0238647,68.74237,496.78802
1.5616107807756E13,-0.69122314,50.473022,438.58032,1.0238647,68.74237,496.78802
1.5616127949358E13,-1.1703491,50.759888,438.8626,1.0238647,68.74237,496.78802
1.5616148090959E13,-0.57525635,51.383972,439.66675,1.0238647,68.74237,496.78802
1.5616168232561E13,0.17242432,51.683044,440.10468,1.0238647,68.74237,496.78802
1.5616188374162E13,-1.1688232,51.78528,438.99384,1.0238647,68.74237,496.78802
1.5616208515764E13,-0.5950928,51.64337,439.07013,1.0238647,68.74237,496.78802
1.5616228657365E13,0.3463745,51.509094,439.59656,1.0238647,68.74237,496.78802
1.5616248798967E13,-0.09765625,51.730347,439.1632,1.0238647,68.74237,496.78802
1.5616268940569E13,0.21972656,52.194214,439.4745,1.0238647,68.74237,496.78802
1.561628908217E13,0.5187988,52.374268,439.76593,1.0238647,68.74237,496.78802
1.5616309223772E13,-0.30822754,53.43628,438.9572,1.0238647,68.74237,496.78802
1.5616329365373E13,-0.45166016,53.44696,438.81683,1.0238647,68.74237,496.78802
1.5616349506975E13,-0.3463745,53.237915,438.91907,1.0238647,68.74237,496.78802
1.5616369648576E13,-0.09613037,53.738403,439.16626,1.0238647,68.74237,496.78802
1.5616389790178E13,0.0,53.92914,440.0116,1.0238647,68.74237,496.78802
1.5616409931779E13,0.0,53.92914,440.27405,1.0238647,68.74237,496.78802
1.5616430073381E13,-0.79956055,53.92914,440.01465,1.0238647,68.74237,496.78802
1.5616450214983E13,-0.49591064,54.470825,439.4043,1.0238647,68.74237,496.78802
1.5616470356584E13,-0.3463745,54.62036,439.2578,1.0238647,68.74237,496.78802
1.5616490498186E13,-1.4694214,53.21808,438.43384,1.0238647,68.74237,496.78802
1.5616510639787E13,-1.4434814,53.46222,437.6831,1.0238647,68.74237,496.78802
1.5616530781389E13,-1.3824463,53.58429,437.5641,1.0238647,68.74237,496.78802
1.561655092299E13,-0.2029419,53.87726,439.01062,1.0238647,68.74237,496.78802
1.5616571064592E13,-0.90179443,53.92914,439.2578,1.0238647,68.74237,496.78802
1.5616591206194E13,-1.0375977,53.92914,439.2578,1.0238647,68.74237,496.78802
1.5616611347795E13,-0.26245117,55.014038,440.32135,1.0238647,68.74237,496.78802
1.5616631489397E13,-0.48828125,54.19464,440.44342,1.0238647,68.74237,496.78802
1.5616651630998E13,-0.5187988,54.10309,440.44342,1.0238647,68.74237,496.78802
1.56166717726E13,-1.8188477,54.751587,440.44342,1.0238647,68.74237,496.78802
1.5616691914201E13,-1.9012451,54.133606,440.44342,1.0238647,68.74237,496.78802
1.5616712055803E13,-1.9012451,54.10309,440.44342,1.0238647,68.74237,496.78802
1.5616732197404E13,-2.7511597,52.57263,439.61182,1.0238647,68.74237,496.78802
1.5616752339006E13,-1.2161255,53.06244,440.7791,1.0238647,68.74237,496.78802
1.5616772480608E13,-1.2161255,53.07007,440.78064,1.0238647,68.74237,496.78802
1.5616792622209E13,-1.7562866,53.58429,440.60516,1.0238647,68.74237,496.78802
1.5616812763811E13,-2.7648926,53.58429,440.27405,1.0238647,68.74237,496.78802
1.5616832905412E13,-2.784729,53.564453,440.31067,1.0238647,68.74237,496.78802
1.5616853047014E13,-3.1478882,53.248596,440.89355,1.0238647,68.74237,496.78802
1.5616873188615E13,-3.630066,53.411865,440.10468,1.0238647,68.74237,496.78802
1.5616893330217E13,-3.630066,53.477478,439.97345,1.0238647,68.74237,496.78802
1.5616913471819E13,-3.591919,53.907776,438.78784,1.0238647,68.74237,496.78802
1.561693361342E13,-3.2836914,52.374268,439.08844,1.0238647,68.74237,496.78802
1.5616953755022E13,-3.3081055,52.301025,439.11285,1.0238647,68.74237,496.78802
1.5616973896623E13,-3.6148071,51.698303,439.36157,1.0238647,68.74237,496.78802
1.5616994038225E13,-4.4937134,50.81787,439.9353,1.0238647,68.74237,496.78802
1.5617014179826E13,-4.3045044,51.449585,439.75067,1.0238647,68.74237,496.78802
1.5617034321428E13,-3.4240723,53.96881,438.95264,1.0238647,68.74237,496.78802
1.5617054463029E13,-3.2836914,52.719116,439.08844,1.0238647,68.74237,496.78802
1.5617074604631E13,-3.6727905,52.79541,439.08844,1.0238647,68.74237,496.78802
1.5617094746233E13,-5.0964355,52.56958,439.08844,1.0238647,68.74237,496.78802
1.5617114887834E13,-5.3588867,50.99182,439.08844,1.0238647,68.74237,496.78802
1.5617135029436E13,-5.0369263,51.68457,438.77258,1.0238647,68.74237,496.78802
1.5617155171037E13,-4.1488647,52.999878,438.38043,1.0238647,68.74237,496.78802
1.5617175312639E13,-4.1488647,51.509094,439.59656,1.0238647,68.74237,496.78802
1.561719545424E13,-4.470825,51.509094,439.4928,1.0238647,68.74237,496.78802
1.5617215595842E13,-4.737854,51.509094,438.8199,1.0238647,68.74237,496.78802
1.5617235737444E13,-3.8024902,51.509094,437.90283,1.0238647,68.74237,496.78802
1.5617255879045E13,-4.109192,51.6922,438.562,1.0238647,68.74237,496.78802
1.5617276020647E13,-4.032898,52.409363,439.5172,1.0238647,68.74237,496.78802
1.5617296162248E13,-2.9388428,53.06549,439.08844,1.0238647,68.74237,496.78802
1.561731630385E13,-2.734375,52.722168,439.5584,1.0238647,68.74237,496.78802
1.5617336445451E13,-2.7053833,52.05841,439.4394,1.0238647,68.74237,496.78802
1.5617356587053E13,-3.111267,51.85547,438.24158,1.0238647,68.74237,496.78802
1.5617376728654E13,-3.491211,51.779175,438.46588,1.0238647,68.74237,496.78802
1.5617396870256E13,-3.1921387,51.838684,439.05792,1.0238647,68.74237,496.78802
1.5617417011858E13,-2.2476196,52.027893,439.4272,1.0238647,68.74237,496.78802
1.5617437153459E13,-2.9144287,52.861023,439.26392,1.0238647,68.74237,496.78802
1.5617457295061E13,-3.8879395,54.01306,439.00452,1.0238647,68.74237,496.78802
1.5617477436662E13,-4.1488647,54.275513,438.91907,1.0238647,68.74237,496.78802
1.5617497578264E13,-3.604126,53.364563,439.27612,1.0238647,68.74237,496.78802
1.5617517719865E13,-3.2058716,53.01361,439.68964,1.0238647,68.74237,496.78802
1.5617537861467E13,-3.2836914,53.411865,439.76593,1.0238647,68.74237,496.78802
1.5617558003069E13,-3.2836914,53.2135,439.95972,1.0238647,68.74237,496.78802
1.561757814467E13,-4.2922974,52.459717,440.10468,1.0238647,68.74237,496.78802
1.5617598286272E13,-5.012512,52.027893,440.10468,1.0238647,68.74237,496.78802
1.5617618427873E13,-4.0634155,53.189087,439.5874,1.0238647,68.74237,496.78802
1.5617638569475E13,-2.7023315,53.60565,440.2115,1.0238647,68.74237,496.78802
1.5617658711076E13,-2.2476196,53.411865,440.78217,1.0238647,68.74237,496.78802
1.5617678852678E13,-3.0395508,52.84424,440.00702,1.0238647,68.74237,496.78802
1.5617698994279E13,-3.6895752,52.7771,439.59656,1.0238647,68.74237,496.78802
1.5617719135881E13,-3.8024902,52.893066,439.59656,1.0238647,68.74237,496.78802
1.5617739277483E13,-3.6834717,52.529907,439.47906,1.0238647,68.74237,496.78802
1.5617759419084E13,-2.5238037,52.98767,439.06708,1.0238647,68.74237,496.78802
1.5617779560686E13,-2.0736694,53.237915,438.91907,1.0238647,68.74237,496.78802
1.5617799702287E13,-2.458191,53.87726,439.79797,1.0238647,68.74237,496.78802
1.5617819843889E13,-3.1158447,54.362488,439.33716,1.0238647,68.74237,496.78802
1.561783998549E13,-3.2836914,54.447937,439.08844,1.0238647,68.74237,496.78802
1.5617860127092E13,-1.2542725,54.312134,439.7522,1.0238647,68.74237,496.78802
1.5617880268694E13,-1.5197754,54.275513,439.66522,1.0238647,68.74237,496.78802
1.5617900410295E13,-1.7288208,54.275513,439.59656,1.0238647,68.74237,496.78802
1.5617920551897E13,-1.0147095,54.9881,438.3377,1.0238647,68.74237,496.78802
1.5617940693498E13,-0.71868896,54.701233,439.07013,1.0238647,68.74237,496.78802
1.56179608351E13,-0.69122314,54.62036,439.2578,1.0238647,68.74237,496.78802
1.5617980976701E13,-0.541687,55.67169,440.2893,1.0238647,68.74237,496.78802
1.5618001118303E13,-1.5899658,55.677795,440.29388,1.0238647,68.74237,496.78802
1.5618021259904E13,-1.7288208,55.65796,440.27405,1.0238647,68.74237,496.78802
1.5618041401506E13,-0.30975342,56.13098,439.50195,1.0238647,68.74237,496.78802
1.5618061543108E13,-0.65460205,54.73175,439.58435,1.0238647,68.74237,496.78802
1.5618081684709E13,-0.69122314,54.62036,439.59656,1.0238647,68.74237,496.78802
1.5618101826311E13,-0.1953125,56.10962,438.78632,1.0238647,68.74237,496.78802
1.5618121967912E13,-1.3473511,55.67169,439.24408,1.0238647,68.74237,496.78802
1.5618142109514E13,-1.3824463,55.65796,439.2578,1.0238647,68.74237,496.78802
1.5618162251115E13,-1.0375977,55.31311,440.27405,1.0238647,68.74237,496.78802
1.5618182392717E13,0.3463745,57.733154,439.59656,1.0238647,68.74237,496.78802
1.5618202534319E13,0.35095215,57.67975,439.63013,1.0238647,68.74237,496.78802
1.561822267592E13,0.5477905,55.889893,440.72418,1.0238647,68.74237,496.78802
1.5618242817522E13,1.210022,57.214355,439.4272,1.0238647,68.74237,496.78802
1.5618262959123E13,1.121521,57.125854,439.41498,1.0238647,68.74237,496.78802
1.5618283100725E13,0.14801025,56.004333,439.28833,1.0238647,68.74237,496.78802
1.5618303242326E13,1.7288208,56.004333,439.59656,1.0238647,68.74237,496.78802
1.5618323383928E13,1.6082764,55.963135,439.59656,1.0238647,68.74237,496.78802
1.5618343525529E13,0.8911133,55.72357,439.66217,1.0238647,68.74237,496.78802
1.5618363667131E13,2.2476196,56.176758,440.10468,1.0238647,68.74237,496.78802
1.5618383808733E13,1.9454956,56.25763,440.13214,1.0238647,68.74237,496.78802
1.5618403950334E13,0.4043579,56.63452,440.21606,1.0238647,68.74237,496.78802
1.5618424091936E13,0.69122314,56.349182,439.9353,1.0238647,68.74237,496.78802
1.5618444233537E13,1.0040283,56.314087,439.76593,1.0238647,68.74237,496.78802
1.5618464375139E13,1.9866943,56.21338,439.12506,1.0238647,68.74237,496.78802
1.561848451674E13,1.0375977,56.349182,439.2578,1.0238647,68.74237,496.78802
1.5618504658342E13,1.1642456,56.643677,439.38293,1.0238647,68.74237,496.78802
1.5618524799944E13,1.197815,57.559204,440.02838,1.0238647,68.74237,496.78802
1.5618544941545E13,0.17242432,57.559204,440.78217,1.0238647,68.74237,496.78802
1.5618565083147E13,0.61798096,57.11212,440.73486,1.0238647,68.74237,496.78802
1.5618585224748E13,1.5197754,56.315613,440.71503,1.0238647,68.74237,496.78802
1.561860536635E13,1.0375977,57.040405,440.95154,1.0238647,68.74237,496.78802
1.5618625507951E13,1.0940552,56.98242,440.6723,1.0238647,68.74237,496.78802
1.5618645649553E13,1.3885498,56.80847,440.5136,1.0238647,68.74237,496.78802
1.5618665791154E13,1.7288208,56.695557,441.28876,1.0238647,68.74237,496.78802
1.5618685932756E13,1.3412476,56.178284,440.7837,1.0238647,68.74237,496.78802
1.5618706074358E13,0.22277832,55.914307,439.47754,1.0238647,68.74237,496.78802
1.5618726215959E13,-0.5187988,56.86798,438.7497,1.0238647,68.74237,496.78802
1.5618746357561E13,-0.44708252,57.22809,439.1037,1.0238647,68.74237,496.78802
1.5618766499162E13,0.24871826,57.28607,439.4516,1.0238647,68.74237,496.78802
1.5618786640764E13,1.0375977,56.695557,439.2578,1.0238647,68.74237,496.78802
1.5618806782365E13,0.55999756,57.01294,439.72473,1.0238647,68.74237,496.78802
1.5618826923967E13,-0.08239746,57.304382,440.83557,1.0238647,68.74237,496.78802
1.5618847065569E13,-0.17242432,57.214355,441.45813,1.0238647,68.74237,496.78802
1.561886720717E13,0.0,57.214355,440.26794,1.0238647,68.74237,496.78802
1.5618887348772E13,0.52948,57.0343,440.4892,1.0238647,68.74237,496.78802
1.5618907490373E13,0.86364746,56.86798,441.79688,1.0238647,68.74237,496.78802
1.5618927631975E13,0.76904297,57.528687,440.78064,1.0238647,68.74237,496.78802
1.5618947773576E13,0.5935669,57.980347,440.41138,1.0238647,68.74237,496.78802
1.5618967915178E13,0.5187988,57.90558,440.78217,1.0238647,68.74237,496.78802
1.5618988056779E13,0.11138916,57.2937,439.98413,1.0238647,68.74237,496.78802
1.5619008198381E13,0.66070557,57.077026,439.63318,1.0238647,68.74237,496.78802
1.5619028339983E13,1.210022,57.214355,439.76593,1.0238647,68.74237,496.78802
1.5619048481584E13,0.8804321,56.884766,440.0879,1.0238647,68.74237,496.78802
1.5619068623186E13,0.69122314,56.471252,440.9317,1.0238647,68.74237,496.78802
1.5619088764787E13,0.69122314,56.349182,441.28876,1.0238647,68.74237,496.78802
1.5619108906389E13,1.0406494,57.632446,439.3463,1.0238647,68.74237,496.78802
1.561912904799E13,0.3753662,56.93817,438.99536,1.0238647,68.74237,496.78802
1.5619149189592E13,0.0,56.349182,439.2578,1.0238647,68.74237,496.78802
1.5619169331194E13,0.8682251,56.22406,439.62402,1.0238647,68.74237,496.78802
1.5619189472795E13,-0.0579834,56.936646,440.51056,1.0238647,68.74237,496.78802
1.5619209614397E13,-0.5187988,57.214355,440.78217,1.0238647,68.74237,496.78802
1.5619229755998E13,0.27008057,56.687927,439.75067,1.0238647,68.74237,496.78802
1.56192498976E13,0.920105,57.461548,439.55994,1.0238647,68.74237,496.78802
1.5619270039201E13,1.0375977,57.733154,439.59656,1.0238647,68.74237,496.78802
1.5619290180803E13,0.062561035,56.480408,441.6397,1.0238647,68.74237,496.78802
1.5619310322404E13,0.95825195,56.459045,440.47394,1.0238647,68.74237,496.78802
1.5619330464006E13,1.210022,56.523132,440.10468,1.0238647,68.74237,496.78802
1.5619350605608E13,2.381897,55.6427,438.67035,1.0238647,68.74237,496.78802
1.5619370747209E13,0.8041382,56.378174,439.57977,1.0238647,68.74237,496.78802
1.5619390888811E13,0.5187988,56.523132,439.76593,1.0238647,68.74237,496.78802
1.5619411030412E13,1.5960693,56.67572,440.52124,1.0238647,68.74237,496.78802
1.5619431172014E13,3.7597656,57.164,440.1535,1.0238647,68.74237,496.78802
1.5619451313615E13,3.9749146,57.214355,440.10468,1.0238647,68.74237,496.78802
1.5619471455217E13,3.1677246,57.69806,438.9984,1.0238647,68.74237,496.78802
1.5619491596819E13,2.7816772,57.0755,441.16516,1.0238647,68.74237,496.78802
1.561951173842E13,2.7648926,57.040405,441.28876,1.0238647,68.74237,496.78802
1.5619531880022E13,3.6087036,57.884216,439.47144,1.0238647,68.74237,496.78802
1.5619552021623E13,5.1727295,56.704712,439.25934,1.0238647,68.74237,496.78802
1.5619572163225E13,5.1864624,56.707764,439.2563,1.0238647,68.74237,496.78802
1.5619592304826E13,5.5404663,58.750916,438.94348,1.0238647,68.74237,496.78802
1.5619612446428E13,6.05011,57.90558,440.10468,1.0238647,68.74237,496.78802
1.5619632588029E13,6.150818,57.8537,440.08942,1.0238647,68.74237,496.78802
1.5619652729631E13,8.035278,56.932068,439.83154,1.0238647,68.74237,496.78802
1.5619672871233E13,6.741333,57.90558,440.78217,1.0238647,68.74237,496.78802
1.5619693012834E13,6.9473267,57.76062,440.79895,1.0238647,68.74237,496.78802
1.5619713154436E13,9.0789795,56.5506,440.82642,1.0238647,68.74237,496.78802
1.5619733296037E13,9.8526,58.250427,439.76593,1.0238647,68.74237,496.78802
1.5619753437639E13,10.038757,58.155823,439.9948,1.0238647,68.74237,496.78802
1.561977357924E13,11.517334,57.58362,441.38336,1.0238647,68.74237,496.78802
1.5619793720842E13,13.1362915,57.733154,440.95154,1.0238647,68.74237,496.78802
1.5619813862444E13,13.320923,57.546997,441.01257,1.0238647,68.74237,496.78802
1.5619834004045E13,14.073181,56.86035,441.19263,1.0238647,68.74237,496.78802
1.5619854145647E13,13.65509,57.559204,440.78217,1.0238647,68.74237,496.78802
1.5619874287248E13,13.996887,57.06482,440.96832,1.0238647,68.74237,496.78802
1.561989442885E13,15.533447,55.473328,441.391,1.0238647,68.74237,496.78802
1.5619914570451E13,16.593933,56.004333,440.6128,1.0238647,68.74237,496.78802
1.5619934712053E13,17.001343,55.867004,440.39154,1.0238647,68.74237,496.78802
1.5619954853654E13,18.865967,55.340576,440.28168,1.0238647,68.74237,496.78802
1.5619974995256E13,20.742798,54.966736,441.6275,1.0238647,68.74237,496.78802
1.5619995136858E13,20.635986,54.33197,441.6275,1.0238647,68.74237,496.78802
1.5620015278459E13,20.947266,53.222656,441.84418,1.0238647,68.74237,496.78802
1.5620035420061E13,22.125244,53.92914,442.305,1.0238647,68.74237,496.78802
1.5620055561662E13,22.787476,53.627014,441.893,1.0238647,68.74237,496.78802
1.5620075703264E13,23.899841,52.563477,441.61072,1.0238647,68.74237,496.78802
1.5620095844865E13,23.680115,51.683044,442.47437,1.0238647,68.74237,496.78802
1.5620115986467E13,24.424744,50.93689,442.0105,1.0238647,68.74237,496.78802
1.5620136128069E13,25.72174,49.639893,442.2516,1.0238647,68.74237,496.78802
1.562015626967E13,25.927734,49.435425,443.65997,1.0238647,68.74237,496.78802
1.5620176411272E13,26.753235,49.510193,443.44025,1.0238647,68.74237,496.78802
1.5620196552873E13,27.75116,48.908997,443.38074,1.0238647,68.74237,496.78802
1.5620216694475E13,27.656555,48.05298,443.65997,1.0238647,68.74237,496.78802
1.5620236836076E13,27.819824,48.05298,443.17474,1.0238647,68.74237,496.78802
1.5620256977678E13,27.404785,47.28546,443.72864,1.0238647,68.74237,496.78802
1.5620277119279E13,26.791382,46.496582,444.84558,1.0238647,68.74237,496.78802
1.5620297260881E13,27.87323,45.954895,444.3161,1.0238647,68.74237,496.78802
1.5620317402483E13,28.95813,45.181274,444.10248,1.0238647,68.74237,496.78802
1.5620337544084E13,29.039001,44.94171,444.33746,1.0238647,68.74237,496.78802
1.5620357685686E13,28.648376,44.551086,444.14673,1.0238647,68.74237,496.78802
1.5620377827287E13,29.647827,43.75,444.49005,1.0238647,68.74237,496.78802
1.5620397968889E13,30.595398,43.385315,444.84558,1.0238647,68.74237,496.78802
1.562041811049E13,30.279541,43.910217,444.74335,1.0238647,68.74237,496.78802
1.5620438252092E13,30.290222,43.388367,445.52002,1.0238647,68.74237,496.78802
1.5620458393694E13,30.421448,42.866516,446.0312,1.0238647,68.74237,496.78802
1.5620478535295E13,30.758667,43.65387,445.2591,1.0238647,68.74237,496.78802
1.5620498676897E13,31.054688,42.57965,445.18433,1.0238647,68.74237,496.78802
1.5620518818498E13,31.11267,41.830444,445.3537,1.0238647,68.74237,496.78802
1.56205389601E13,29.910278,43.511963,444.41223,1.0238647,68.74237,496.78802
1.5620559101701E13,30.610657,44.25049,445.68176,1.0238647,68.74237,496.78802
1.5620579243303E13,31.11267,44.25049,446.36993,1.0238647,68.74237,496.78802
1.5620599384904E13,30.984497,43.10608,445.49866,1.0238647,68.74237,496.78802
1.5620619526506E13,30.549622,43.08319,445.56732,1.0238647,68.74237,496.78802
1.5620639668108E13,30.421448,43.21289,445.69244,1.0238647,68.74237,496.78802
1.5620659809709E13,30.825806,43.347168,445.56122,1.0238647,68.74237,496.78802
1.5620679951311E13,30.940247,44.20929,445.25452,1.0238647,68.74237,496.78802
1.5620700092912E13,30.940247,44.422913,445.18433,1.0238647,68.74237,496.78802
1.5620720234514E13,30.513,43.711853,445.3247,1.0238647,68.74237,496.78802
1.5620740376115E13,30.999756,43.26935,445.6375,1.0238647,68.74237,496.78802
1.5620760517717E13,31.11267,43.21289,445.69244,1.0238647,68.74237,496.78802
1.5620780659319E13,30.215454,42.912292,445.401,1.0238647,68.74237,496.78802
1.562080080092E13,30.378723,43.473816,445.95032,1.0238647,68.74237,496.78802
1.5620820942522E13,30.421448,43.559265,446.0312,1.0238647,68.74237,496.78802
1.5620841084123E13,31.83136,41.207886,444.95697,1.0238647,68.74237,496.78802
1.5620861225725E13,31.340027,41.28418,443.91022,1.0238647,68.74237,496.78802
1.5620881367326E13,31.286621,41.311646,443.82935,1.0238647,68.74237,496.78802
1.5620901508928E13,30.793762,41.80298,444.95544,1.0238647,68.74237,496.78802
1.5620921650529E13,31.433105,41.830444,444.68994,1.0238647,68.74237,496.78802
1.5620941792131E13,31.459045,41.830444,444.6762,1.0238647,68.74237,496.78802
1.5620961933733E13,31.973267,44.058228,445.51697,1.0238647,68.74237,496.78802
1.5620982075334E13,31.63147,40.274048,445.52307,1.0238647,68.74237,496.78802
1.5621002216936E13,31.62384,40.31067,445.50934,1.0238647,68.74237,496.78802
1.5621022358537E13,31.291199,42.007446,444.8883,1.0238647,68.74237,496.78802
1.5621042500139E13,31.459045,42.175293,446.0312,1.0238647,68.74237,496.78802
1.562106264174E13,31.393433,42.262268,446.0312,1.0238647,68.74237,496.78802
1.5621082783342E13,30.529785,43.476868,445.95184,1.0238647,68.74237,496.78802
1.5621102924944E13,31.80542,42.521667,445.01495,1.0238647,68.74237,496.78802
1.5621123066545E13,31.748962,42.46521,445.10498,1.0238647,68.74237,496.78802
1.5621143208147E13,31.286621,41.918945,445.903,1.0238647,68.74237,496.78802
1.5621163333022E13,31.286621,41.311646,446.20056,1.0238647,68.74237,496.78802
1.5621183474624E13,31.208801,41.748047,445.97473,1.0238647,68.74237,496.78802
1.5621203616225E13,30.935669,43.74237,444.6762,1.0238647,68.74237,496.78802
1.5621223757827E13,31.80542,41.13922,444.6762,1.0238647,68.74237,496.78802
1.5621243899428E13,31.738281,41.53595,444.80743,1.0238647,68.74237,496.78802
1.562126404103E13,31.13861,43.247986,445.24994,1.0238647,68.74237,496.78802
1.5621284182632E13,29.902649,43.385315,444.84558,1.0238647,68.74237,496.78802
1.5621304324233E13,30.511475,43.180847,445.12482,1.0238647,68.74237,496.78802
1.5621324465835E13,31.89392,42.521667,445.6955,1.0238647,68.74237,496.78802
1.5621344607436E13,30.0766,42.521667,444.6762,1.0238647,68.74237,496.78802
1.5621364749038E13,30.603027,42.185974,444.8181,1.0238647,68.74237,496.78802
1.5621384890639E13,31.62384,41.664124,445.43152,1.0238647,68.74237,496.78802
1.5621405032241E13,30.767822,42.521667,446.0312,1.0238647,68.74237,496.78802
1.5621425173843E13,30.656433,42.521667,446.14105,1.0238647,68.74237,496.78802
1.5621445315444E13,30.941772,42.347717,446.42792,1.0238647,68.74237,496.78802
1.5621465457046E13,31.977844,42.00287,446.5393,1.0238647,68.74237,496.78802
1.5621485598647E13,32.040405,41.93878,446.60187,1.0238647,68.74237,496.78802
1.5621505740249E13,31.56128,42.286682,446.38977,1.0238647,68.74237,496.78802
1.562152588185E13,30.595398,43.040466,445.86182,1.0238647,68.74237,496.78802
1.5621546023452E13,31.369019,43.251038,445.79315,1.0238647,68.74237,496.78802
1.5621566165053E13,31.985474,43.048096,446.0495,1.0238647,68.74237,496.78802
1.5621586306655E13,31.286621,42.349243,446.5393,1.0238647,68.74237,496.78802
1.5621606448257E13,31.286621,43.12744,446.38672,1.0238647,68.74237,496.78802
1.5621626589858E13,32.408142,43.595886,446.20056,1.0238647,68.74237,496.78802
1.562164673146E13,33.706665,43.040466,446.20056,1.0238647,68.74237,496.78802
1.5621666873061E13,33.36487,43.891907,446.20056,1.0238647,68.74237,496.78802
1.5621687014663E13,32.22351,43.80188,446.28754,1.0238647,68.74237,496.78802
1.5621707156264E13,31.459045,42.866516,446.36993,1.0238647,68.74237,496.78802
1.5621727297866E13,31.17981,43.699646,446.2799,1.0238647,68.74237,496.78802
1.5621747439468E13,31.60553,43.94684,446.85364,1.0238647,68.74237,496.78802
1.5621767581069E13,32.15027,43.559265,447.38617,1.0238647,68.74237,496.78802
1.5621787722671E13,32.44934,44.058228,447.0932,1.0238647,68.74237,496.78802
1.5621807864272E13,32.157898,43.502808,445.7779,1.0238647,68.74237,496.78802
1.5621828005874E13,31.80542,42.866516,445.01495,1.0238647,68.74237,496.78802
1.5621848147475E13,32.44934,43.72711,445.22705,1.0238647,68.74237,496.78802
1.5621868289077E13,31.959534,44.25049,446.0022,1.0238647,68.74237,496.78802
1.5621888430678E13,31.459045,44.25049,446.36993,1.0238647,68.74237,496.78802
1.562190857228E13,32.377625,44.93866,447.0459,1.0238647,68.74237,496.78802
1.5621928713882E13,32.369995,45.051575,446.23566,1.0238647,68.74237,496.78802
1.5621948855483E13,32.15027,44.94171,445.69244,1.0238647,68.74237,496.78802
1.5621968997085E13,32.39441,45.185852,446.41418,1.0238647,68.74237,496.78802
1.5621989138686E13,32.62024,44.410706,445.85114,1.0238647,68.74237,496.78802
1.5622009280288E13,32.669067,44.076538,445.52307,1.0238647,68.74237,496.78802
1.5622029421889E13,31.237793,43.426514,445.39642,1.0238647,68.74237,496.78802
1.5622049563491E13,31.562805,43.21289,445.3537,1.0238647,68.74237,496.78802
1.5622069705093E13,31.80542,43.21289,445.3537,1.0238647,68.74237,496.78802
1.5622089846694E13,32.078552,44.311523,444.81506,1.0238647,68.74237,496.78802
1.5622109988296E13,31.030273,43.756104,445.22552,1.0238647,68.74237,496.78802
1.5622130129897E13,30.767822,43.559265,445.3537,1.0238647,68.74237,496.78802
1.5622150271499E13,33.085632,43.847656,445.3537,1.0238647,68.74237,496.78802
1.56221704131E13,31.764221,43.904114,444.77692,1.0238647,68.74237,496.78802
1.5622190554702E13,31.459045,43.904114,444.6762,1.0238647,68.74237,496.78802
1.5622210696303E13,32.522583,44.36035,445.42236,1.0238647,68.74237,496.78802
1.5622230837905E13,32.977295,44.732666,444.00787,1.0238647,68.74237,496.78802
1.5622250979507E13,33.013916,44.769287,443.82935,1.0238647,68.74237,496.78802
1.5622271121108E13,31.25763,44.29016,444.61212,1.0238647,68.74237,496.78802
1.562229126271E13,31.76117,45.220947,444.04144,1.0238647,68.74237,496.78802
1.5622311404311E13,31.80542,45.28656,443.99872,1.0238647,68.74237,496.78802
1.5622331545913E13,32.806396,44.618225,443.99872,1.0238647,68.74237,496.78802
1.5622351687514E13,33.857727,44.595337,443.6676,1.0238647,68.74237,496.78802
1.5622371829116E13,33.87909,44.595337,443.65997,1.0238647,68.74237,496.78802
1.5622391970718E13,31.976318,46.141052,444.50684,1.0238647,68.74237,496.78802
1.5622412112319E13,31.80542,44.94171,444.33746,1.0238647,68.74237,496.78802
1.5622432253921E13,31.855774,44.91577,444.31305,1.0238647,68.74237,496.78802
1.5622452395522E13,33.15277,44.284058,443.6264,1.0238647,68.74237,496.78802
1.5622472537124E13,32.496643,44.94171,442.98248,1.0238647,68.74237,496.78802
1.5622492678725E13,32.48291,45.00885,443.07556,1.0238647,68.74237,496.78802
1.5622512820327E13,32.30591,45.658875,444.1208,1.0238647,68.74237,496.78802
1.5622532961928E13,32.15027,44.25049,443.65997,1.0238647,68.74237,496.78802
1.562255310353E13,32.191467,44.332886,443.5791,1.0238647,68.74237,496.78802
1.5622573245132E13,32.33185,45.010376,443.28156,1.0238647,68.74237,496.78802
1.5622593386733E13,31.286621,45.46051,445.18433,1.0238647,68.74237,496.78802
1.5622613528335E13,31.484985,45.26062,445.04547,1.0238647,68.74237,496.78802
1.5622633669936E13,32.588196,44.218445,444.36798,1.0238647,68.74237,496.78802
1.5622653811538E13,33.013916,44.076538,444.50684,1.0238647,68.74237,496.78802
1.5622673953139E13,32.76367,44.181824,444.47327,1.0238647,68.74237,496.78802
1.5622694094741E13,31.956482,45.051575,444.18945,1.0238647,68.74237,496.78802
1.5622714236343E13,32.496643,46.670532,443.65997,1.0238647,68.74237,496.78802
1.5622734377944E13,32.539368,46.28296,443.78662,1.0238647,68.74237,496.78802
1.5622754519546E13,32.80487,45.24994,444.21387,1.0238647,68.74237,496.78802
1.5622774661147E13,33.187866,45.632935,444.33746,1.0238647,68.74237,496.78802
1.5622794802749E13,33.036804,45.681763,444.38782,1.0238647,68.74237,496.78802
1.562281494435E13,32.720947,45.646667,444.55872,1.0238647,68.74237,496.78802
1.5622835085952E13,32.84149,45.28656,444.6762,1.0238647,68.74237,496.78802
1.5622855227553E13,33.187866,45.516968,444.6762,1.0238647,68.74237,496.78802
1.5622875369155E13,33.818054,45.55664,444.61823,1.0238647,68.74237,496.78802
1.5622895510757E13,33.706665,44.769287,444.50684,1.0238647,68.74237,496.78802
1.5622915652358E13,33.706665,44.898987,444.88983,1.0238647,68.74237,496.78802
1.562293579396E13,33.773804,44.911194,445.19348,1.0238647,68.74237,496.78802
1.5622955935561E13,33.87909,44.595337,444.6762,1.0238647,68.74237,496.78802
1.5622976077163E13,34.022522,44.595337,444.39392,1.0238647,68.74237,496.78802
1.5622996218764E13,33.40149,44.969177,445.09735,1.0238647,68.74237,496.78802
1.5623016360366E13,32.322693,45.46051,446.5393,1.0238647,68.74237,496.78802
1.5623036501968E13,32.95746,45.300293,445.91827,1.0238647,68.74237,496.78802
1.5623056643569E13,33.787537,44.210815,445.10498,1.0238647,68.74237,496.78802
1.5623076785171E13,33.87909,43.21289,445.01495,1.0238647,68.74237,496.78802
1.5623096926772E13,33.792114,43.995667,444.93103,1.0238647,68.74237,496.78802
1.5623117068374E13,34.86786,44.677734,444.93408,1.0238647,68.74237,496.78802
1.5623137209975E13,35.95276,44.595337,445.01495,1.0238647,68.74237,496.78802
1.5623157351577E13,35.668945,42.990112,445.47882,1.0238647,68.74237,496.78802
1.5623177493178E13,34.658813,42.044067,445.4834,1.0238647,68.74237,496.78802
1.562319763478E13,34.051514,42.349243,445.18433,1.0238647,68.74237,496.78802
1.5623217776382E13,34.762573,42.245483,445.6833,1.0238647,68.74237,496.78802
1.5623237917983E13,35.78186,41.444397,445.31708,1.0238647,68.74237,496.78802
1.5623258059585E13,36.12671,40.96527,444.84558,1.0238647,68.74237,496.78802
1.5623278201186E13,35.362244,40.855408,444.95392,1.0238647,68.74237,496.78802
1.5623298342788E13,35.02655,41.796875,445.56274,1.0238647,68.74237,496.78802
1.5623318484389E13,35.08911,42.349243,445.86182,1.0238647,68.74237,496.78802
1.5623338625991E13,34.622192,41.648865,445.63446,1.0238647,68.74237,496.78802
1.5623358767593E13,34.6344,40.12146,445.05768,1.0238647,68.74237,496.78802
1.5623378909194E13,34.742737,39.582825,444.84558,1.0238647,68.74237,496.78802
1.5623399050796E13,34.246826,40.82184,445.33234,1.0238647,68.74237,496.78802
1.5623419192397E13,34.42993,40.9317,445.6482,1.0238647,68.74237,496.78802
1.5623439333999E13,34.570313,40.792847,445.69244,1.0238647,68.74237,496.78802
1.56234594756E13,34.832764,40.530396,445.95032,1.0238647,68.74237,496.78802
1.5623479617202E13,34.11255,40.982056,446.29364,1.0238647,68.74237,496.78802
1.5623499758803E13,33.87909,41.13922,446.36993,1.0238647,68.74237,496.78802
1.5623519900405E13,34.848022,39.891052,445.1477,1.0238647,68.74237,496.78802
1.5623540042007E13,35.369873,41.84265,445.1233,1.0238647,68.74237,496.78802
1.5623560183608E13,35.43396,42.349243,445.18433,1.0238647,68.74237,496.78802
1.562358032521E13,34.996033,42.785645,445.89996,1.0238647,68.74237,496.78802
1.5623600466811E13,34.61914,42.27295,446.61407,1.0238647,68.74237,496.78802
1.5623620608413E13,34.570313,42.175293,446.70868,1.0238647,68.74237,496.78802
1.5623640750014E13,34.109497,42.94281,445.95795,1.0238647,68.74237,496.78802
1.5623660891616E13,34.674072,42.103577,447.08405,1.0238647,68.74237,496.78802
1.5623681033218E13,34.742737,42.00287,447.2168,1.0238647,68.74237,496.78802
1.5623701174819E13,35.546875,42.80548,444.8532,1.0238647,68.74237,496.78802
1.5623721316421E13,35.443115,43.029785,446.11664,1.0238647,68.74237,496.78802
1.5623741458022E13,35.43396,43.040466,446.20056,1.0238647,68.74237,496.78802
1.5623761599624E13,33.24585,43.208313,445.047,1.0238647,68.74237,496.78802
1.5623781741225E13,34.7229,43.382263,446.18683,1.0238647,68.74237,496.78802
1.5623801882827E13,34.742737,43.38684,446.2036,1.0238647,68.74237,496.78802
1.5623822024428E13,35.07538,44.41986,447.17865,1.0238647,68.74237,496.78802
1.562384216603E13,34.223938,44.25049,444.6762,1.0238647,68.74237,496.78802
1.5623862307632E13,34.21631,44.16809,444.71283,1.0238647,68.74237,496.78802
1.5623882449233E13,34.020996,42.417908,445.53375,1.0238647,68.74237,496.78802
1.5623902590835E13,33.532715,43.559265,445.69244,1.0238647,68.74237,496.78802
1.5623922732436E13,33.502197,43.676758,445.60547,1.0238647,68.74237,496.78802
1.5623942874038E13,33.135986,44.81964,444.76166,1.0238647,68.74237,496.78802
1.5623963015639E13,32.669067,43.73169,445.52307,1.0238647,68.74237,496.78802
1.5623983157241E13,32.865906,43.928528,445.41626,1.0238647,68.74237,496.78802
1.5624003298843E13,33.88214,45.384216,444.53278,1.0238647,68.74237,496.78802
1.5624023440444E13,31.80542,45.977783,443.65997,1.0238647,68.74237,496.78802
1.5624043582046E13,32.040405,45.977783,443.65997,1.0238647,68.74237,496.78802
1.5624063723647E13,33.091736,45.881653,443.69202,1.0238647,68.74237,496.78802
1.5624083865249E13,32.669067,45.46051,443.82935,1.0238647,68.74237,496.78802
1.562410400685E13,32.484436,45.7901,443.5791,1.0238647,68.74237,496.78802
1.5624124148452E13,32.5119,46.858215,442.95197,1.0238647,68.74237,496.78802
1.5624144290053E13,34.916687,46.324158,443.99872,1.0238647,68.74237,496.78802
1.5624164431655E13,34.384155,46.50116,444.25964,1.0238647,68.74237,496.78802
1.5624184573257E13,32.748413,47.01538,444.74182,1.0238647,68.74237,496.78802
1.5624204714858E13,32.496643,47.01538,443.99872,1.0238647,68.74237,496.78802
1.562422485646E13,32.64923,47.065735,443.74847,1.0238647,68.74237,496.78802
1.5624244998061E13,32.478333,47.50824,443.36243,1.0238647,68.74237,496.78802
1.5624265139663E13,31.286621,48.225403,443.82935,1.0238647,68.74237,496.78802
1.5624285281264E13,31.227112,47.93091,443.54248,1.0238647,68.74237,496.78802
1.5624305422866E13,31.11267,48.34137,443.22357,1.0238647,68.74237,496.78802
1.5624325564468E13,31.11267,50.126648,443.65997,1.0238647,68.74237,496.78802
1.5624345706069E13,31.045532,50.19226,444.2444,1.0238647,68.74237,496.78802
1.5624365847671E13,30.871582,50.230408,444.57855,1.0238647,68.74237,496.78802
1.5624385989272E13,30.767822,50.126648,443.65997,1.0238647,68.74237,496.78802
1.5624406130874E13,30.473328,50.273132,443.3731,1.0238647,68.74237,496.78802
1.5624426272475E13,28.935242,51.460266,442.61017,1.0238647,68.74237,496.78802
1.5624446414077E13,27.48413,52.719116,442.13562,1.0238647,68.74237,496.78802
1.5624466555678E13,27.96936,52.88086,441.185,1.0238647,68.74237,496.78802
1.562448669728E13,28.268433,53.649902,440.67688,1.0238647,68.74237,496.78802
1.5624506838882E13,28.001404,54.275513,441.28876,1.0238647,68.74237,496.78802
1.5624526980483E13,27.824402,53.92151,441.80908,1.0238647,68.74237,496.78802
1.5624547122085E13,25.836182,54.310608,441.4154,1.0238647,68.74237,496.78802
1.5624567263686E13,24.198914,54.966736,440.6128,1.0238647,68.74237,496.78802
1.5624587405288E13,24.293518,56.211853,440.89508,1.0238647,68.74237,496.78802
1.5624607546889E13,23.583984,57.606506,441.50543,1.0238647,68.74237,496.78802
1.5624627688491E13,22.988892,57.90558,441.79688,1.0238647,68.74237,496.78802
1.5624647830093E13,21.232605,57.5943,441.49475,1.0238647,68.74237,496.78802
1.5624667971694E13,19.732666,58.761597,440.14893,1.0238647,68.74237,496.78802
1.5624688113296E13,19.532776,59.6344,439.4272,1.0238647,68.74237,496.78802
1.5624708254897E13,19.863892,59.744263,439.10217,1.0238647,68.74237,496.78802
1.5624728396499E13,19.256592,59.91974,438.8092,1.0238647,68.74237,496.78802
1.56247485381E13,18.841553,59.979248,438.7497,1.0238647,68.74237,496.78802
1.5624768679702E13,18.486023,60.806274,438.86566,1.0238647,68.74237,496.78802
1.5624788821303E13,16.271973,60.343933,439.2746,1.0238647,68.74237,496.78802
1.5624808962905E13,15.383911,59.979248,439.4272,1.0238647,68.74237,496.78802
1.5624829104507E13,15.885925,58.973694,439.4272,1.0238647,68.74237,496.78802
1.5624849246108E13,16.331482,60.899353,439.67896,1.0238647,68.74237,496.78802
1.562486938771E13,16.421509,61.70807,439.76593,1.0238647,68.74237,496.78802
1.5624889529311E13,14.558411,62.239075,437.9425,1.0238647,68.74237,496.78802
1.5624909670913E13,12.780762,60.638428,438.85498,1.0238647,68.74237,496.78802
1.5624929812514E13,12.445068,60.151672,439.2578,1.0238647,68.74237,496.78802
1.5624949954116E13,13.005066,61.273193,437.60986,1.0238647,68.74237,496.78802
1.5624970095718E13,11.706543,61.24878,439.46533,1.0238647,68.74237,496.78802
1.5624990237319E13,11.407471,61.18927,439.9353,1.0238647,68.74237,496.78802
1.5625010378921E13,11.25946,61.04126,439.79187,1.0238647,68.74237,496.78802
1.5625030520522E13,10.484314,61.766052,439.03198,1.0238647,68.74237,496.78802
1.5625050662124E13,10.371399,61.880493,438.91907,1.0238647,68.74237,496.78802
1.5625070803725E13,10.371399,60.64148,439.22272,1.0238647,68.74237,496.78802
1.5625090945327E13,10.8428955,61.914063,439.1037,1.0238647,68.74237,496.78802
1.5625111086928E13,10.890198,62.054443,439.08844,1.0238647,68.74237,496.78802
1.562513122853E13,8.94165,62.054443,438.45367,1.0238647,68.74237,496.78802
1.5625151370132E13,7.661438,62.545776,438.89618,1.0238647,68.74237,496.78802
1.5625171511733E13,7.6049805,62.571716,438.91907,1.0238647,68.74237,496.78802
1.5625191653335E13,6.92749,61.894226,438.2553,1.0238647,68.74237,496.78802
1.5625211794936E13,6.0546875,61.364746,439.08386,1.0238647,68.74237,496.78802
1.5625231936538E13,6.0577393,61.369324,439.08386,1.0238647,68.74237,496.78802
1.5625252078139E13,6.864929,62.202454,438.58032,1.0238647,68.74237,496.78802
1.5625272219741E13,4.840088,61.18927,438.58032,1.0238647,68.74237,496.78802
1.5625292361343E13,4.866028,61.180115,438.48724,1.0238647,68.74237,496.78802
1.5625312502944E13,5.380249,61.061096,436.91406,1.0238647,68.74237,496.78802
1.5625332644546E13,5.7037354,61.70807,439.76593,1.0238647,68.74237,496.78802
1.5625352786147E13,5.670166,61.512756,439.67133,1.0238647,68.74237,496.78802
1.5625372927749E13,5.4138184,59.614563,438.6963,1.0238647,68.74237,496.78802
1.562539306935E13,5.8776855,59.46045,438.24158,1.0238647,68.74237,496.78802
1.5625413210952E13,5.6427,59.272766,438.28888,1.0238647,68.74237,496.78802
1.5625433352553E13,4.095459,58.180237,438.4796,1.0238647,68.74237,496.78802
1.5625453494155E13,3.8024902,58.769226,437.90283,1.0238647,68.74237,496.78802
1.5625473635757E13,3.8024902,58.58612,437.96387,1.0238647,68.74237,496.78802
1.5625493777358E13,3.6376953,57.699585,438.33923,1.0238647,68.74237,496.78802
1.562551391896E13,2.9388428,57.559204,438.7497,1.0238647,68.74237,496.78802
1.5625534060561E13,3.2424927,57.862854,438.45215,1.0238647,68.74237,496.78802
1.5625554202163E13,4.118347,59.062195,437.51373,1.0238647,68.74237,496.78802
1.5625574343764E13,3.4576416,59.46045,437.90283,1.0238647,68.74237,496.78802
1.5625594485366E13,3.4118652,58.872986,437.94708,1.0238647,68.74237,496.78802
1.5625614626968E13,3.1402588,57.356262,437.93335,1.0238647,68.74237,496.78802
1.5625634768569E13,2.7648926,57.733154,437.5641,1.0238647,68.74237,496.78802
1.5625654910171E13,2.29187,57.67975,437.30774,1.0238647,68.74237,496.78802
1.5625675051772E13,1.3748169,58.38318,437.09564,1.0238647,68.74237,496.78802
1.5625695193374E13,1.7288208,60.151672,437.90283,1.0238647,68.74237,496.78802
1.5625715334975E13,2.1469116,59.135437,437.72736,1.0238647,68.74237,496.78802
1.5625735476577E13,2.999878,57.52411,437.21313,1.0238647,68.74237,496.78802
1.5625755618178E13,3.111267,58.078003,436.8866,1.0238647,68.74237,496.78802
1.562577575978E13,2.8411865,58.21228,437.41455,1.0238647,68.74237,496.78802
1.5625795901382E13,1.9317627,58.215332,438.17444,1.0238647,68.74237,496.78802
1.5625816042983E13,1.210022,57.90558,438.0722,1.0238647,68.74237,496.78802
1.5625836184585E13,1.6555786,57.90558,438.2187,1.0238647,68.74237,496.78802
1.5625856326186E13,1.4801025,57.90558,438.11035,1.0238647,68.74237,496.78802
1.5625876467788E13,0.5187988,57.90558,437.73346,1.0238647,68.74237,496.78802
1.5625896609389E13,0.84381104,58.23059,437.57477,1.0238647,68.74237,496.78802
1.5625916750991E13,1.210022,58.259583,437.5595,1.0238647,68.74237,496.78802
1.5625936892593E13,1.210022,57.90558,437.73346,1.0238647,68.74237,496.78802
1.5625957034194E13,0.67596436,57.72705,437.90894,1.0238647,68.74237,496.78802
1.5625977175796E13,0.26397705,58.563232,438.34076,1.0238647,68.74237,496.78802
1.5625997317397E13,0.3463745,59.46045,438.58032,1.0238647,68.74237,496.78802
1.5626017458999E13,0.24871826,58.784485,438.10883,1.0238647,68.74237,496.78802
1.56260376006E13,0.3692627,58.447266,437.92725,1.0238647,68.74237,496.78802
1.5626057742202E13,0.5187988,58.5968,438.0722,1.0238647,68.74237,496.78802
1.5626077883803E13,0.10223389,58.180237,438.4796,1.0238647,68.74237,496.78802
1.5626098025405E13,-1.6601563,57.691956,438.33466,1.0238647,68.74237,496.78802
1.5626118167007E13,-2.5924683,57.559204,438.0722,1.0238647,68.74237,496.78802
1.5626138308608E13,-1.2619019,58.00171,438.2904,1.0238647,68.74237,496.78802
1.562615845021E13,-1.0864258,59.043884,438.9679,1.0238647,68.74237,496.78802
1.5626178591811E13,-1.3824463,59.46045,439.2578,1.0238647,68.74237,496.78802
1.5626198733413E13,-2.2109985,58.86841,439.14337,1.0238647,68.74237,496.78802
1.5626218875014E13,-2.835083,58.5968,438.85193,1.0238647,68.74237,496.78802
1.5626239016616E13,-2.9388428,58.5968,438.7497,1.0238647,68.74237,496.78802
1.5626259158218E13,-2.3117065,58.470154,439.36615,1.0238647,68.74237,496.78802
1.5626279299819E13,-3.869629,58.424377,439.59656,1.0238647,68.74237,496.78802
1.5626299441421E13,-4.4937134,58.424377,439.59656,1.0238647,68.74237,496.78802
1.5626319583022E13,-4.095459,57.492065,440.50903,1.0238647,68.74237,496.78802
1.5626339724624E13,-3.9749146,56.67267,439.98718,1.0238647,68.74237,496.78802
1.5626359866225E13,-3.9749146,56.523132,439.76593,1.0238647,68.74237,496.78802
1.5626380007827E13,-4.6783447,57.78656,440.4541,1.0238647,68.74237,496.78802
1.5626400149428E13,-4.840088,57.792664,439.77356,1.0238647,68.74237,496.78802
1.562642029103E13,-4.840088,57.733154,439.59656,1.0238647,68.74237,496.78802
1.5626440432632E13,-4.2495728,56.25305,438.1485,1.0238647,68.74237,496.78802
1.5626460574233E13,-4.750061,54.800415,438.49335,1.0238647,68.74237,496.78802
1.5626480715835E13,-4.840088,54.62036,438.58032,1.0238647,68.74237,496.78802
1.5626500857436E13,-4.219055,54.62036,440.4068,1.0238647,68.74237,496.78802
1.5626520999038E13,-6.515503,54.46167,438.91296,1.0238647,68.74237,496.78802
1.5626541140639E13,-6.741333,54.447937,438.7497,1.0238647,68.74237,496.78802
1.5626561282241E13,-5.7647705,55.09796,438.7497,1.0238647,68.74237,496.78802
1.5626581423843E13,-7.0251465,52.496338,440.36865,1.0238647,68.74237,496.78802
1.5626601565444E13,-7.0861816,52.374268,440.44342,1.0238647,68.74237,496.78802
1.5626621707046E13,-7.597351,54.244995,439.27612,1.0238647,68.74237,496.78802
1.5626641848647E13,-5.189514,54.275513,440.61127,1.0238647,68.74237,496.78802
1.5626661990249E13,-5.2001953,54.26941,440.59906,1.0238647,68.74237,496.78802
1.562668213185E13,-6.703186,53.66974,439.07013,1.0238647,68.74237,496.78802
1.5626702273452E13,-5.3588867,50.645447,438.41095,1.0238647,68.74237,496.78802
1.5626722415053E13,-5.378723,50.645447,438.4308,1.0238647,68.74237,496.78802
1.5626742556655E13,-5.7159424,50.656128,438.8092,1.0238647,68.74237,496.78802
1.5626762698257E13,-5.8776855,50.81787,439.59656,1.0238647,68.74237,496.78802
1.5626782839858E13,-5.9280396,50.90027,439.61334,1.0238647,68.74237,496.78802
1.562680298146E13,-6.376648,51.663208,439.74762,1.0238647,68.74237,496.78802
1.5626823123061E13,-6.222534,51.509094,439.59656,1.0238647,68.74237,496.78802
1.5626843264663E13,-6.2469482,51.435852,439.85748,1.0238647,68.74237,496.78802
1.5626863406264E13,-6.236267,50.99182,441.19873,1.0238647,68.74237,496.78802
1.5626883547866E13,-5.3588867,50.99182,439.76593,1.0238647,68.74237,496.78802
1.5626903689468E13,-5.3588867,50.99182,439.95056,1.0238647,68.74237,496.78802
1.5626923831069E13,-5.2230835,51.127625,440.3839,1.0238647,68.74237,496.78802
1.5626943972671E13,-4.6676636,51.683044,438.7497,1.0238647,68.74237,496.78802
1.5626964114272E13,-4.978943,51.83716,439.20746,1.0238647,68.74237,496.78802
1.5626984255874E13,-5.885315,52.207947,440.45868,1.0238647,68.74237,496.78802
1.5627004397475E13,-5.3588867,51.683044,439.4272,1.0238647,68.74237,496.78802
1.5627024539077E13,-5.267334,51.589966,439.9704,1.0238647,68.74237,496.78802
1.5627044680678E13,-4.916382,51.0437,441.1728,1.0238647,68.74237,496.78802
1.562706482228E13,-4.6676636,50.299072,440.44342,1.0238647,68.74237,496.78802
1.5627084963882E13,-5.0445557,50.13733,440.28625,1.0238647,68.74237,496.78802
1.5627105105483E13,-5.8776855,50.22888,439.49738,1.0238647,68.74237,496.78802
1.5627125247085E13,-5.8776855,51.164246,438.58032,1.0238647,68.74237,496.78802
1.5627145388686E13,-5.633545,51.28479,438.8199,1.0238647,68.74237,496.78802
1.5627165530288E13,-5.1223755,51.571655,439.9414,1.0238647,68.74237,496.78802
1.5627185671889E13,-5.012512,51.683044,441.1194,1.0238647,68.74237,496.78802
1.5627205813491E13,-4.26178,51.20392,441.3208,1.0238647,68.74237,496.78802
1.5627225955093E13,-3.3950806,51.18103,441.21246,1.0238647,68.74237,496.78802
1.5627246096694E13,-3.8024902,52.201843,440.6128,1.0238647,68.74237,496.78802
1.5627266238296E13,-3.8024902,51.896667,441.20636,1.0238647,68.74237,496.78802
1.5627286379897E13,-3.489685,50.569153,441.65955,1.0238647,68.74237,496.78802
1.5627306521499E13,-3.111267,49.435425,441.28876,1.0238647,68.74237,496.78802
1.56273266631E13,-2.696228,50.846863,441.53442,1.0238647,68.74237,496.78802
1.5627346804702E13,-1.0513306,52.201843,441.63055,1.0238647,68.74237,496.78802
1.5627366946303E13,0.17242432,52.027893,441.45813,1.0238647,68.74237,496.78802
1.5627387087905E13,-1.3641357,51.756287,441.72516,1.0238647,68.74237,496.78802
1.5627407229507E13,-2.3010254,51.602173,442.0578,1.0238647,68.74237,496.78802
1.5627427371108E13,-1.9012451,51.683044,442.13562,1.0238647,68.74237,496.78802
1.562744751271E13,-1.1199951,51.290894,442.13562,1.0238647,68.74237,496.78802
1.5627467654311E13,0.08087158,50.99182,441.74347,1.0238647,68.74237,496.78802
1.5627487795913E13,0.5187988,50.99182,441.45813,1.0238647,68.74237,496.78802
1.5627507937514E13,0.5187988,51.411438,441.87164,1.0238647,68.74237,496.78802
1.5627528079116E13,1.0559082,50.498962,442.66357,1.0238647,68.74237,496.78802
1.5627548220718E13,1.3824463,49.7818,442.98248,1.0238647,68.74237,496.78802
1.5627568362319E13,1.2695313,50.793457,442.43164,1.0238647,68.74237,496.78802
1.5627588503921E13,2.4734497,51.45111,442.9245,1.0238647,68.74237,496.78802
1.5627608645522E13,3.111267,51.509094,443.32123,1.0238647,68.74237,496.78802
1.5627628787124E13,1.9134521,50.790405,443.5562,1.0238647,68.74237,496.78802
1.5627648928725E13,2.6046753,50.961304,442.70172,1.0238647,68.74237,496.78802
1.5627669070327E13,3.111267,51.164246,442.305,1.0238647,68.74237,496.78802
1.5627689211928E13,3.6193848,51.41754,443.30292,1.0238647,68.74237,496.78802
1.562770935353E13,4.838562,50.471497,444.1681,1.0238647,68.74237,496.78802
1.5627729495132E13,5.1849365,50.126648,444.33746,1.0238647,68.74237,496.78802
1.5627749636733E13,2.8961182,51.338196,443.94226,1