t,mx,my,mz,mxb,myb,mzb 
1.5396201800779E13,-272.8958,-392.128,515.51666,1.0238647,68.74237,496.78802
1.539622194238E13,-272.76,-390.64484,515.11993,1.0238647,68.74237,496.78802
1.5396242083982E13,-272.89276,-390.7776,515.3351,1.0238647,68.74237,496.78802
1.5396262225583E13,-273.2788,-391.3452,515.52277,1.0238647,68.74237,496.78802
1.5396282367185E13,-273.2788,-391.85486,514.2731,1.0238647,68.74237,496.78802
1.5396302508786E13,-273.3307,-391.70227,514.42413,1.0238647,68.74237,496.78802
1.5396322650388E13,-273.24066,-391.65344,514.88495,1.0238647,68.74237,496.78802
1.539634279199E13,-272.76,-392.37366,515.11993,1.0238647,68.74237,496.78802
1.5396362933591E13,-272.52655,-392.0227,515.4663,1.0238647,68.74237,496.78802
1.5396383075193E13,-272.12982,-390.91644,515.6082,1.0238647,68.74237,496.78802
1.5396403216794E13,-272.2412,-390.12604,514.6118,1.0238647,68.74237,496.78802
1.5396423358396E13,-272.90344,-390.2588,514.8712,1.0238647,68.74237,496.78802
1.5396443499997E13,-273.2315,-390.67383,515.35645,1.0238647,68.74237,496.78802
1.5396463641599E13,-272.0688,-390.9897,515.4587,1.0238647,68.74237,496.78802
1.5396483783201E13,-272.73102,-391.06445,515.38696,1.0238647,68.74237,496.78802
1.5396503924802E13,-273.7732,-391.16364,515.5823,1.0238647,68.74237,496.78802
1.5396524066404E13,-273.97003,-391.16364,515.9668,1.0238647,68.74237,496.78802
1.5396544208005E13,-273.72742,-391.2445,515.88745,1.0238647,68.74237,496.78802
1.5396564349607E13,-273.20557,-391.41846,515.39764,1.0238647,68.74237,496.78802
1.5396584491208E13,-272.93243,-391.50848,514.95056,1.0238647,68.74237,496.78802
1.539660463281E13,-272.31445,-391.4215,514.51874,1.0238647,68.74237,496.78802
1.5396624774411E13,-272.16797,-392.13715,514.0167,1.0238647,68.74237,496.78802
1.5396644916013E13,-272.5876,-392.89093,513.9343,1.0238647,68.74237,496.78802
1.5396665057615E13,-271.82007,-402.49176,513.18207,1.0238647,68.74237,496.78802
1.5396685199216E13,-268.69354,-425.6302,510.878,1.0238647,68.74237,496.78802
1.5396705340818E13,-266.7099,-437.83264,509.53217,1.0238647,68.74237,496.78802
1.5396725482419E13,-265.36713,-441.86096,509.83582,1.0238647,68.74237,496.78802
1.5396745624021E13,-264.67133,-444.16046,508.61816,1.0238647,68.74237,496.78802
1.5396765765622E13,-264.80865,-443.88275,507.66907,1.0238647,68.74237,496.78802
1.5396785907224E13,-263.81073,-443.7729,507.9956,1.0238647,68.74237,496.78802
1.5396806048826E13,-266.69922,-432.26166,507.63397,1.0238647,68.74237,496.78802
1.5396826190427E13,-268.61115,-425.90637,507.33032,1.0238647,68.74237,496.78802
1.5396846332029E13,-269.67773,-404.0146,509.5337,1.0238647,68.74237,496.78802
1.539686647363E13,-261.3907,-368.06946,512.175,1.0238647,68.74237,496.78802
1.5396886615232E13,-257.3761,-356.24695,512.9181,1.0238647,68.74237,496.78802
1.5396906756833E13,-238.76038,-313.22937,509.2224,1.0238647,68.74237,496.78802
1.5396926898435E13,-219.45343,-279.75616,502.4109,1.0238647,68.74237,496.78802
1.5396947040036E13,-214.85443,-273.2788,500.38757,1.0238647,68.74237,496.78802
1.5396967181638E13,-194.86237,-260.4843,492.03186,1.0238647,68.74237,496.78802
1.539698732324E13,-176.40533,-272.406,484.59167,1.0238647,68.74237,496.78802
1.5397007464841E13,-172.67914,-277.0813,483.11615,1.0238647,68.74237,496.78802
1.5397027606443E13,-152.97852,-303.81927,477.8778,1.0238647,68.74237,496.78802
1.5397047748044E13,-124.16992,-327.20642,473.51532,1.0238647,68.74237,496.78802
1.5397067889646E13,-118.57605,-331.18286,472.78595,1.0238647,68.74237,496.78802
1.5397088031247E13,-92.79785,-350.148,469.01398,1.0238647,68.74237,496.78802
1.5397108172849E13,-57.162476,-356.56128,468.0954,1.0238647,68.74237,496.78802
1.5397128314451E13,-51.85547,-357.1106,468.04504,1.0238647,68.74237,496.78802
1.5397148456052E13,-14.51416,-344.9768,467.7414,1.0238647,68.74237,496.78802
1.5397168597654E13,9.794617,-313.22632,468.31512,1.0238647,68.74237,496.78802
1.5397188739255E13,12.10022,-309.75037,468.3838,1.0238647,68.74237,496.78802
1.5397208880857E13,33.488464,-286.07483,469.50378,1.0238647,68.74237,496.78802
1.5397229022458E13,55.696106,-260.80933,467.8192,1.0238647,68.74237,496.78802
1.539724916406E13,57.040405,-259.27734,467.7063,1.0238647,68.74237,496.78802
1.5397269305661E13,70.166016,-247.5174,465.53497,1.0238647,68.74237,496.78802
1.5397289447263E13,79.17633,-221.55304,465.50446,1.0238647,68.74237,496.78802
1.5397309588865E13,79.434204,-220.4834,465.58838,1.0238647,68.74237,496.78802
1.5397329730466E13,85.88867,-181.45752,470.8847,1.0238647,68.74237,496.78802
1.5397349872068E13,96.969604,-150.89874,469.56787,1.0238647,68.74237,496.78802
1.5397370013669E13,97.24884,-149.91608,469.49768,1.0238647,68.74237,496.78802
1.5397390155271E13,101.97449,-132.66449,468.29834,1.0238647,68.74237,496.78802
1.5397410296872E13,106.303406,-109.41467,467.19818,1.0238647,68.74237,496.78802
1.5397430438474E13,106.622314,-106.14319,467.19818,1.0238647,68.74237,496.78802
1.5397450580076E13,109.1568,-76.40228,467.29584,1.0238647,68.74237,496.78802
1.5397470721677E13,107.16858,-67.066956,468.04504,1.0238647,68.74237,496.78802
1.5397490863279E13,105.57861,-64.671326,467.77344,1.0238647,68.74237,496.78802
1.539751100488E13,94.13605,-46.82312,465.4663,1.0238647,68.74237,496.78802
1.5397531146482E13,82.62329,-26.274109,461.6104,1.0238647,68.74237,496.78802
1.5397551288083E13,79.940796,-21.826172,460.77728,1.0238647,68.74237,496.78802
1.5397571429685E13,66.81976,-0.09613037,456.62994,1.0238647,68.74237,496.78802
1.5397591571286E13,60.325623,10.543823,454.32892,1.0238647,68.74237,496.78802
1.5397611712888E13,58.638,12.149048,454.0146,1.0238647,68.74237,496.78802
1.539763185449E13,51.21765,18.46466,453.05634,1.0238647,68.74237,496.78802
1.5397651996091E13,45.46051,21.606445,453.31268,1.0238647,68.74237,496.78802
1.5397672137693E13,44.12079,22.657776,453.50037,1.0238647,68.74237,496.78802
1.5397692279294E13,38.94348,25.70343,453.89404,1.0238647,68.74237,496.78802
1.5397712420896E13,34.742737,26.446533,453.65143,1.0238647,68.74237,496.78802
1.5397732562497E13,33.52661,26.66626,453.2196,1.0238647,68.74237,496.78802
1.5397752704099E13,29.241943,27.815247,452.18658,1.0238647,68.74237,496.78802
1.5397772845701E13,25.75531,29.211426,451.9577,1.0238647,68.74237,496.78802
1.5397792987302E13,24.94049,29.022217,450.66833,1.0238647,68.74237,496.78802
1.5397813128904E13,22.740173,28.43628,448.40088,1.0238647,68.74237,496.78802
1.5397833270505E13,21.434021,28.001404,448.40088,1.0238647,68.74237,496.78802
1.5397853412107E13,21.29364,27.861023,447.85614,1.0238647,68.74237,496.78802
1.5397873553708E13,20.802307,27.940369,446.49048,1.0238647,68.74237,496.78802
1.539789369531E13,20.396423,28.347778,445.69244,1.0238647,68.74237,496.78802
1.5397913836911E13,19.078064,26.564026,445.16144,1.0238647,68.74237,496.78802
1.5397933978513E13,17.927551,25.784302,444.35425,1.0238647,68.74237,496.78802
1.5397954120115E13,18.495178,27.48413,444.1681,1.0238647,68.74237,496.78802
1.5397974261716E13,18.495178,26.803589,443.83698,1.0238647,68.74237,496.78802
1.5397994403318E13,18.666077,24.899292,442.8192,1.0238647,68.74237,496.78802
1.5398014544919E13,18.841553,23.680115,442.13562,1.0238647,68.74237,496.78802
1.5398034686521E13,18.19458,23.587036,442.5888,1.0238647,68.74237,496.78802
1.5398054828122E13,17.723083,23.599243,442.1631,1.0238647,68.74237,496.78802
1.5398074969724E13,17.803955,23.680115,441.45813,1.0238647,68.74237,496.78802
1.5398095111326E13,18.101501,23.181152,441.9464,1.0238647,68.74237,496.78802
1.5398115252927E13,17.721558,22.415161,442.10968,1.0238647,68.74237,496.78802
1.5398135394529E13,17.285156,22.125244,441.96625,1.0238647,68.74237,496.78802
1.539815553613E13,18.141174,22.125244,441.7572,1.0238647,68.74237,496.78802
1.5398175677732E13,18.452454,22.125244,441.6275,1.0238647,68.74237,496.78802
1.5398195819333E13,18.322754,22.125244,441.6275,1.0238647,68.74237,496.78802
1.5398215960935E13,18.322754,21.66748,441.8518,1.0238647,68.74237,496.78802
1.5398236102536E13,18.666077,21.089172,441.18195,1.0238647,68.74237,496.78802
1.5398256244138E13,18.841553,20.915222,440.78217,1.0238647,68.74237,496.78802
1.539827638574E13,17.49878,21.279907,441.14075,1.0238647,68.74237,496.78802
1.5398296527341E13,17.671204,21.676636,441.76788,1.0238647,68.74237,496.78802
1.5398316668943E13,17.97638,21.77887,441.96625,1.0238647,68.74237,496.78802
1.5398336810544E13,18.363953,20.613098,441.5863,1.0238647,68.74237,496.78802
1.5398356952146E13,18.882751,20.611572,442.09442,1.0238647,68.74237,496.78802
1.5398377093747E13,19.013977,20.742798,442.305,1.0238647,68.74237,496.78802
1.5398397235349E13,17.23175,20.603943,442.43927,1.0238647,68.74237,496.78802
1.5398417376951E13,17.03949,20.295715,441.40167,1.0238647,68.74237,496.78802
1.5398437518552E13,17.112732,20.223999,441.1194,1.0238647,68.74237,496.78802
1.5398457660154E13,18.844604,19.64569,441.4032,1.0238647,68.74237,496.78802
1.5398477801755E13,18.319702,19.819641,442.30652,1.0238647,68.74237,496.78802
1.5398497943357E13,18.148804,19.877625,442.47437,1.0238647,68.74237,496.78802
1.5398518084958E13,18.603516,18.206787,442.6239,1.0238647,68.74237,496.78802
1.539853822656E13,18.363953,20.7016,442.34772,1.0238647,68.74237,496.78802
1.5398558368161E13,18.322754,21.087646,442.305,1.0238647,68.74237,496.78802
1.5398578509763E13,18.640137,18.218994,441.9937,1.0238647,68.74237,496.78802
1.5398598651365E13,17.874146,18.452454,443.67828,1.0238647,68.74237,496.78802
1.5398618792966E13,17.803955,18.495178,443.82935,1.0238647,68.74237,496.78802
1.5398638934568E13,17.803955,17.82837,442.19666,1.0238647,68.74237,496.78802
1.5398659076169E13,17.637634,17.637634,442.2989,1.0238647,68.74237,496.78802
1.5398679217771E13,17.63153,17.63153,442.305,1.0238647,68.74237,496.78802
1.5398699359372E13,17.974854,17.285156,441.2979,1.0238647,68.74237,496.78802
1.5398719500974E13,17.803955,17.45758,442.47437,1.0238647,68.74237,496.78802
1.5398739642576E13,17.822266,17.488098,442.482,1.0238647,68.74237,496.78802
1.5398759784177E13,18.365479,18.241882,442.6712,1.0238647,68.74237,496.78802
1.5398779925779E13,19.186401,16.766357,443.15186,1.0238647,68.74237,496.78802
1.539880006738E13,19.171143,16.889954,443.1656,1.0238647,68.74237,496.78802
1.5398820208982E13,18.933105,18.241882,443.27545,1.0238647,68.74237,496.78802
1.5398840350583E13,18.148804,17.45758,442.8131,1.0238647,68.74237,496.78802
1.5398860492185E13,18.275452,17.584229,442.7719,1.0238647,68.74237,496.78802
1.5398880633786E13,19.161987,18.281555,442.45148,1.0238647,68.74237,496.78802
1.5398900775388E13,19.013977,16.938782,442.305,1.0238647,68.74237,496.78802
1.539892091699E13,18.811035,16.793823,442.27753,1.0238647,68.74237,496.78802
1.5398941058591E13,17.956543,16.351318,442.5888,1.0238647,68.74237,496.78802
1.5398961200193E13,18.667603,17.63153,444.6762,1.0238647,68.74237,496.78802
1.5398981341794E13,18.302917,17.266846,444.32068,1.0238647,68.74237,496.78802
1.5399001483396E13,17.280579,15.939331,443.0954,1.0238647,68.74237,496.78802
1.5399021624997E13,18.495178,16.075134,443.4906,1.0238647,68.74237,496.78802
1.5399041766599E13,18.406677,16.514587,443.14575,1.0238647,68.74237,496.78802
1.5399061908201E13,17.875671,17.347717,442.31415,1.0238647,68.74237,496.78802
1.5399082049802E13,17.112732,16.075134,442.8131,1.0238647,68.74237,496.78802
1.5399102191404E13,17.318726,16.177368,443.01605,1.0238647,68.74237,496.78802
1.5399122333005E13,18.016052,16.207886,444.01245,1.0238647,68.74237,496.78802
1.5399142474607E13,18.495178,15.72876,445.18433,1.0238647,68.74237,496.78802
1.5399162616208E13,18.139648,15.0177,444.72046,1.0238647,68.74237,496.78802
1.539918275781E13,17.33551,13.896179,443.59283,1.0238647,68.74237,496.78802
1.5399202899411E13,17.112732,14.346313,443.15186,1.0238647,68.74237,496.78802
1.5399223041013E13,16.645813,14.411926,443.74084,1.0238647,68.74237,496.78802
1.5399243182615E13,16.036987,14.112854,444.54346,1.0238647,68.74237,496.78802
1.5399263324216E13,16.247559,13.482666,444.33746,1.0238647,68.74237,496.78802
1.5399283465818E13,16.247559,13.778687,444.33746,1.0238647,68.74237,496.78802
1.5399303607419E13,16.096497,14.173889,444.92645,1.0238647,68.74237,496.78802
1.5399323749021E13,15.90271,14.173889,445.69244,1.0238647,68.74237,496.78802
1.5399343890622E13,15.576172,13.847351,445.69244,1.0238647,68.74237,496.78802
1.5399364032224E13,15.621948,13.400269,445.77332,1.0238647,68.74237,496.78802
1.5399384173826E13,16.075134,13.310242,445.86182,1.0238647,68.74237,496.78802
1.5399404315427E13,15.629578,13.398743,446.29822,1.0238647,68.74237,496.78802
1.5399424457029E13,16.197205,13.929749,446.97266,1.0238647,68.74237,496.78802
1.539944459863E13,17.112732,14.346313,447.2168,1.0238647,68.74237,496.78802
1.5399464740232E13,16.148376,13.960266,446.0846,1.0238647,68.74237,496.78802
1.5399484881833E13,15.965271,12.878418,445.755,1.0238647,68.74237,496.78802
1.5399505023435E13,16.421509,12.272644,446.20056,1.0238647,68.74237,496.78802
1.5399525165036E13,15.795898,12.687683,446.40503,1.0238647,68.74237,496.78802
1.5399545306638E13,15.06958,12.858582,446.02814,1.0238647,68.74237,496.78802
1.539956544824E13,14.865112,12.791443,445.69244,1.0238647,68.74237,496.78802
1.5399585589841E13,14.642334,12.121582,445.91217,1.0238647,68.74237,496.78802
1.5399605731443E13,13.960266,11.418152,446.7987,1.0238647,68.74237,496.78802
1.5399625873044E13,13.65509,11.235046,447.2168,1.0238647,68.74237,496.78802
1.5399646014646E13,13.65509,12.425232,447.2168,1.0238647,68.74237,496.78802
1.5399666156247E13,14.131165,12.963867,447.45178,1.0238647,68.74237,496.78802
1.5399686297849E13,14.346313,12.963867,447.55554,1.0238647,68.74237,496.78802
1.5399706439451E13,14.219666,11.82251,447.43195,1.0238647,68.74237,496.78802
1.5399726581052E13,13.540649,10.520935,447.01385,1.0238647,68.74237,496.78802
1.5399746722654E13,13.310242,10.198975,446.87805,1.0238647,68.74237,496.78802
1.5399766864255E13,14.112854,11.538696,446.87805,1.0238647,68.74237,496.78802
1.5399787005857E13,13.407898,11.256409,447.79816,1.0238647,68.74237,496.78802
1.5399807147458E13,13.1362915,11.062622,448.06366,1.0238647,68.74237,496.78802
1.539982728906E13,14.126587,10.070801,446.5393,1.0238647,68.74237,496.78802
1.5399847430661E13,14.48822,10.84137,447.17102,1.0238647,68.74237,496.78802
1.5399867572263E13,14.520264,11.062622,447.38617,1.0238647,68.74237,496.78802
1.5399887713865E13,13.772583,10.913086,448.11707,1.0238647,68.74237,496.78802
1.5399907855466E13,14.100647,10.739136,449.5453,1.0238647,68.74237,496.78802
1.5399927997068E13,14.173889,10.716248,449.75586,1.0238647,68.74237,496.78802
1.5399948138669E13,12.919617,10.089111,448.83575,1.0238647,68.74237,496.78802
1.5399968280271E13,14.352417,9.712219,447.8241,1.0238647,68.74237,496.78802
1.5399988421872E13,14.520264,9.680176,447.7249,1.0238647,68.74237,496.78802
1.5400008563474E13,14.190674,10.662842,449.01123,1.0238647,68.74237,496.78802
1.5400028705076E13,14.335632,9.898376,448.91968,1.0238647,68.74237,496.78802
1.5400048846677E13,14.346313,9.8526,448.909,1.0238647,68.74237,496.78802
1.5400068988279E13,13.316345,10.195923,448.5733,1.0238647,68.74237,496.78802
1.540008912988E13,11.940002,9.512329,449.24164,1.0238647,68.74237,496.78802
1.5400109271482E13,11.985779,9.484863,449.23706,1.0238647,68.74237,496.78802
1.5400129413083E13,14.48822,8.634949,448.8205,1.0238647,68.74237,496.78802
1.5400149554685E13,13.65509,8.470154,450.94147,1.0238647,68.74237,496.78802
1.5400169696286E13,13.586426,8.424377,450.9201,1.0238647,68.74237,496.78802
1.5400189837888E13,12.727356,7.6950073,450.57678,1.0238647,68.74237,496.78802
1.540020997949E13,14.001465,6.741333,450.26398,1.0238647,68.74237,496.78802
1.5400230121091E13,14.001465,6.741333,450.34027,1.0238647,68.74237,496.78802
1.5400250262693E13,13.578796,6.741333,450.85907,1.0238647,68.74237,496.78802
1.5400270404294E13,10.543823,6.741333,450.26398,1.0238647,68.74237,496.78802
1.5400290545896E13,10.731506,6.929016,450.34332,1.0238647,68.74237,496.78802
1.5400310687497E13,12.12616,7.9223633,450.914,1.0238647,68.74237,496.78802
1.5400330829099E13,14.001465,7.7789307,451.61896,1.0238647,68.74237,496.78802
1.5400350970701E13,13.348389,7.8811646,451.85547,1.0238647,68.74237,496.78802
1.5400371112302E13,11.25946,8.18634,452.69928,1.0238647,68.74237,496.78802
1.5400391253904E13,13.310242,7.7789307,452.29645,1.0238647,68.74237,496.78802
1.5400411395505E13,12.767029,7.5698853,452.17438,1.0238647,68.74237,496.78802
1.5400431537107E13,11.845398,6.9137573,451.95923,1.0238647,68.74237,496.78802
1.5400451678708E13,14.173889,6.9137573,452.46582,1.0238647,68.74237,496.78802
1.540047182031E13,12.988281,6.715393,452.56348,1.0238647,68.74237,496.78802
1.5400491961911E13,10.583496,5.9677124,452.9541,1.0238647,68.74237,496.78802
1.5400512103513E13,11.92627,5.3588867,453.31268,1.0238647,68.74237,496.78802
1.5400532245115E13,11.526489,5.6427,452.92358,1.0238647,68.74237,496.78802
1.5400552386716E13,11.416626,6.1050415,452.35748,1.0238647,68.74237,496.78802
1.5400572528318E13,12.791443,5.8776855,452.80457,1.0238647,68.74237,496.78802
1.5400592669919E13,12.339783,5.683899,452.86865,1.0238647,68.74237,496.78802
1.5400612811521E13,11.514282,5.029297,453.68347,1.0238647,68.74237,496.78802
1.5400632953122E13,11.407471,4.4937134,454.83704,1.0238647,68.74237,496.78802
1.5400653094724E13,11.047363,4.853821,454.34418,1.0238647,68.74237,496.78802
1.5400673236326E13,11.199951,5.430603,453.58124,1.0238647,68.74237,496.78802
1.5400693377927E13,12.10022,5.531311,453.48206,1.0238647,68.74237,496.78802
1.5400713519529E13,11.303711,5.053711,453.9505,1.0238647,68.74237,496.78802
1.540073366113E13,11.256409,4.2510986,454.26178,1.0238647,68.74237,496.78802
1.5400753802732E13,12.272644,3.9749146,453.99017,1.0238647,68.74237,496.78802
1.5400773944333E13,11.660767,4.411316,453.56293,1.0238647,68.74237,496.78802
1.5400794085935E13,11.149597,5.279541,452.88544,1.0238647,68.74237,496.78802
1.5400814227536E13,11.235046,5.7037354,452.6352,1.0238647,68.74237,496.78802
1.5400834369138E13,11.140442,5.039978,453.47137,1.0238647,68.74237,496.78802
1.540085451074E13,11.062622,3.9215088,455.46875,1.0238647,68.74237,496.78802
1.5400874652341E13,11.062622,3.4576416,456.52924,1.0238647,68.74237,496.78802
1.5400894793943E13,10.856628,5.0949097,455.12695,1.0238647,68.74237,496.78802
1.5400914935544E13,10.30426,4.574585,454.3625,1.0238647,68.74237,496.78802
1.5400935077146E13,10.025024,3.4576416,454.4983,1.0238647,68.74237,496.78802
1.5400955218747E13,10.794067,3.7857056,454.82178,1.0238647,68.74237,496.78802
1.5400975360349E13,10.131836,3.9749146,455.43823,1.0238647,68.74237,496.78802
1.5400995501951E13,9.506226,3.9749146,455.68237,1.0238647,68.74237,496.78802
1.5401015643552E13,10.914612,5.1483154,454.9942,1.0238647,68.74237,496.78802
1.5401035785154E13,11.109924,5.7037354,454.8996,1.0238647,68.74237,496.78802
1.5401055926755E13,10.890198,5.7037354,455.0064,1.0238647,68.74237,496.78802
1.5401076068357E13,10.264587,4.8294067,455.13,1.0238647,68.74237,496.78802
1.5401096209958E13,10.897827,2.8701782,455.542,1.0238647,68.74237,496.78802
1.5401116342104E13,11.235046,2.2476196,455.68237,1.0238647,68.74237,496.78802
1.5401136483705E13,10.836792,3.4378052,456.073,1.0238647,68.74237,496.78802
1.5401156625307E13,10.4522705,5.1239014,454.89655,1.0238647,68.74237,496.78802
1.5401176766909E13,10.371399,5.531311,454.4983,1.0238647,68.74237,496.78802
1.540119690851E13,9.951782,3.7139893,454.91028,1.0238647,68.74237,496.78802
1.5401217050112E13,9.8526,4.119873,455.0064,1.0238647,68.74237,496.78802
1.5401237191713E13,9.8526,4.321289,455.0064,1.0238647,68.74237,496.78802
1.5401257333315E13,9.117126,4.4677734,456.015,1.0238647,68.74237,496.78802
1.5401277474916E13,10.308838,2.5863647,454.6112,1.0238647,68.74237,496.78802
1.5401297616518E13,10.543823,2.2476196,454.32892,1.0238647,68.74237,496.78802
1.540131775812E13,10.079956,4.2541504,456.59943,1.0238647,68.74237,496.78802
1.5401337899721E13,8.483887,5.1086426,456.26526,1.0238647,68.74237,496.78802
1.5401358041323E13,8.296204,5.1849365,456.1905,1.0238647,68.74237,496.78802
1.5401378182924E13,8.621216,2.5894165,455.8731,1.0238647,68.74237,496.78802
1.5401398324526E13,9.126282,2.9037476,456.64368,1.0238647,68.74237,496.78802
1.5401418466127E13,9.161377,2.9388428,456.6986,1.0238647,68.74237,496.78802
1.5401438607729E13,8.9904785,4.4662476,455.867,1.0238647,68.74237,496.78802
1.540145874933E13,8.818054,3.9855957,457.34406,1.0238647,68.74237,496.78802
1.5401478890932E13,8.815002,3.9642334,457.36694,1.0238647,68.74237,496.78802
1.5401499032534E13,8.804321,2.9388428,456.3507,1.0238647,68.74237,496.78802
1.5401519174135E13,8.470154,2.9388428,456.02112,1.0238647,68.74237,496.78802
1.5401539315737E13,8.459473,2.986145,456.10657,1.0238647,68.74237,496.78802
1.5401559457338E13,8.36792,3.6819458,457.4997,1.0238647,68.74237,496.78802
1.540157959894E13,9.333801,2.0736694,456.86798,1.0238647,68.74237,496.78802
1.5401599740541E13,9.211731,2.2628784,456.91986,1.0238647,68.74237,496.78802
1.5401619882143E13,8.006287,3.8955688,457.2235,1.0238647,68.74237,496.78802
1.5401640023745E13,7.0861816,3.2836914,456.02112,1.0238647,68.74237,496.78802
1.5401660165346E13,7.13501,3.3813477,456.35986,1.0238647,68.74237,496.78802
1.5401680306948E13,7.3516846,3.7353516,458.3145,1.0238647,68.74237,496.78802
1.5401700448549E13,6.9137573,2.420044,457.88422,1.0238647,68.74237,496.78802
1.5401720590151E13,7.041931,2.5482178,457.88422,1.0238647,68.74237,496.78802
1.5401740731752E13,7.1258545,3.0426025,457.68433,1.0238647,68.74237,496.78802
1.5401760873354E13,5.1849365,2.7648926,456.86798,1.0238647,68.74237,496.78802
1.5401781014955E13,5.264282,2.4475098,457.02362,1.0238647,68.74237,496.78802
1.5401801156557E13,5.7373047,1.7547607,457.42493,1.0238647,68.74237,496.78802
1.5401821298159E13,6.3949585,2.9388428,457.03735,1.0238647,68.74237,496.78802
1.540184143976E13,6.7245483,2.607727,457.45544,1.0238647,68.74237,496.78802
1.5401861581362E13,7.6049805,1.7288208,457.79877,1.0238647,68.74237,496.78802
1.5401881722963E13,7.6049805,1.7288208,455.85175,1.0238647,68.74237,496.78802
1.5401901864565E13,7.4401855,1.8920898,456.44226,1.0238647,68.74237,496.78802
1.5401922006166E13,7.0861816,2.6947021,457.6065,1.0238647,68.74237,496.78802
1.5401942147768E13,7.0861816,3.630066,457.3761,1.0238647,68.74237,496.78802
1.540196228937E13,7.0861816,3.2562256,457.98492,1.0238647,68.74237,496.78802
1.5401982430971E13,6.706238,2.7191162,458.45032,1.0238647,68.74237,496.78802
1.5402002572573E13,6.05011,2.9388428,457.3761,1.0238647,68.74237,496.78802
1.5402022714174E13,6.466675,3.2165527,457.2403,1.0238647,68.74237,496.78802
1.5402042855776E13,7.368469,2.922058,456.90002,1.0238647,68.74237,496.78802
1.5402062997377E13,7.7789307,1.9012451,456.6986,1.0238647,68.74237,496.78802
1.5402083138979E13,7.006836,2.671814,456.39648,1.0238647,68.74237,496.78802
1.540210328058E13,7.221985,3.7078857,456.55823,1.0238647,68.74237,496.78802
1.5402123422182E13,8.642578,3.8024902,457.20673,1.0238647,68.74237,496.78802
1.5402143563784E13,8.132935,3.125,456.21185,1.0238647,68.74237,496.78802
1.5402163705385E13,7.1762085,2.84729,456.4331,1.0238647,68.74237,496.78802
1.5402183846987E13,6.741333,3.2836914,457.71484,1.0238647,68.74237,496.78802
1.5402203988588E13,6.9244385,3.2836914,456.99463,1.0238647,68.74237,496.78802
1.540222413019E13,6.6223145,3.5614014,455.7251,1.0238647,68.74237,496.78802
1.5402244271791E13,6.222534,3.8024902,455.17578,1.0238647,68.74237,496.78802
1.5402264413393E13,6.3217163,3.3035278,454.68903,1.0238647,68.74237,496.78802
1.5402284554995E13,6.4956665,3.038025,455.60455,1.0238647,68.74237,496.78802
1.5402304696596E13,6.5689087,3.111267,456.52924,1.0238647,68.74237,496.78802
1.5402324838198E13,6.5689087,3.5385132,455.69153,1.0238647,68.74237,496.78802
1.5402344979799E13,6.7825317,4.017639,454.75616,1.0238647,68.74237,496.78802
1.5402365121401E13,6.9137573,4.1488647,454.4983,1.0238647,68.74237,496.78802
1.5402385263002E13,6.111145,3.804016,453.9383,1.0238647,68.74237,496.78802
1.5402405404604E13,6.5063477,4.890442,454.21448,1.0238647,68.74237,496.78802
1.5402425546205E13,6.9137573,5.531311,454.4983,1.0238647,68.74237,496.78802
1.5402445687807E13,5.9387207,4.798889,454.26025,1.0238647,68.74237,496.78802
1.5402465829409E13,6.3842773,4.6157837,453.56293,1.0238647,68.74237,496.78802
1.540248597101E13,6.741333,4.6676636,453.31268,1.0238647,68.74237,496.78802
1.5402506112612E13,7.646179,4.2785645,453.44086,1.0238647,68.74237,496.78802
1.5402526254213E13,7.3028564,5.053711,452.84882,1.0238647,68.74237,496.78802
1.5402546395815E13,7.0861816,5.3588867,452.6352,1.0238647,68.74237,496.78802
1.5402566537416E13,7.2235107,5.769348,453.30658,1.0238647,68.74237,496.78802
1.5402586679018E13,7.9437256,6.286621,452.8122,1.0238647,68.74237,496.78802
1.540260682062E13,8.123779,6.3949585,452.6352,1.0238647,68.74237,496.78802
1.5402626962221E13,7.545471,5.2383423,452.919,1.0238647,68.74237,496.78802
1.5402647103823E13,8.152771,6.3095093,450.85602,1.0238647,68.74237,496.78802
1.5402667245424E13,8.296204,6.5689087,450.43335,1.0238647,68.74237,496.78802
1.5402687387026E13,8.296204,5.659485,451.02692,1.0238647,68.74237,496.78802
1.5402707528627E13,7.38678,6.742859,452.00348,1.0238647,68.74237,496.78802
1.5402727670229E13,7.260132,6.9137573,452.12708,1.0238647,68.74237,496.78802
1.540274781183E13,8.056641,8.349609,450.7202,1.0238647,68.74237,496.78802
1.5402767953432E13,7.3287964,7.0373535,450.7599,1.0238647,68.74237,496.78802
1.5402788095034E13,7.260132,6.9137573,450.7721,1.0238647,68.74237,496.78802
1.5402808236635E13,6.9244385,6.57959,450.7721,1.0238647,68.74237,496.78802
1.5402828378237E13,8.242798,6.9000244,451.09863,1.0238647,68.74237,496.78802
1.5402848519838E13,8.296204,6.9137573,451.11084,1.0238647,68.74237,496.78802
1.540286866144E13,9.490967,7.0877075,450.94757,1.0238647,68.74237,496.78802
1.5402888803041E13,7.951355,7.260132,451.4496,1.0238647,68.74237,496.78802
1.5402908944643E13,7.989502,7.220459,451.41296,1.0238647,68.74237,496.78802
1.5402929086245E13,9.022522,6.324768,450.48523,1.0238647,68.74237,496.78802
1.5402949227846E13,9.680176,8.296204,451.4496,1.0238647,68.74237,496.78802
1.5402969369448E13,9.664917,8.226013,451.35498,1.0238647,68.74237,496.78802
1.5402989511049E13,9.587097,7.383728,450.12207,1.0238647,68.74237,496.78802
1.5403009652651E13,10.371399,6.9137573,448.73962,1.0238647,68.74237,496.78802
1.5403029794252E13,10.327148,7.1289063,448.95172,1.0238647,68.74237,496.78802
1.5403049935854E13,9.786987,8.59375,450.10834,1.0238647,68.74237,496.78802
1.5403070077455E13,8.296204,8.296204,448.06366,1.0238647,68.74237,496.78802
1.5403090219057E13,8.4991455,8.207703,448.0362,1.0238647,68.74237,496.78802
1.5403110360659E13,9.536743,7.746887,447.8653,1.0238647,68.74237,496.78802
1.540313050226E13,9.680176,7.6049805,447.7249,1.0238647,68.74237,496.78802
1.5403150643862E13,9.751892,8.338928,447.79816,1.0238647,68.74237,496.78802
1.5403170785463E13,9.638977,10.676575,448.06366,1.0238647,68.74237,496.78802
1.5403190927065E13,8.296204,9.333801,448.06366,1.0238647,68.74237,496.78802
1.5403211068666E13,8.517456,9.199524,448.1079,1.0238647,68.74237,496.78802
1.5403231210268E13,9.161377,9.089661,448.143,1.0238647,68.74237,496.78802
1.540325135187E13,9.161377,9.8526,447.8943,1.0238647,68.74237,496.78802
1.5403271493471E13,9.109497,10.110474,447.43805,1.0238647,68.74237,496.78802
1.5403291635073E13,9.4696045,10.127258,446.6324,1.0238647,68.74237,496.78802
1.5403311776674E13,10.543823,8.815002,447.2168,1.0238647,68.74237,496.78802
1.5403331918276E13,10.543823,10.003662,447.68372,1.0238647,68.74237,496.78802
1.5403352059877E13,9.996033,12.089539,448.6313,1.0238647,68.74237,496.78802
1.5403372201479E13,8.988953,11.753845,448.73962,1.0238647,68.74237,496.78802
1.540339234308E13,9.255981,11.485291,448.21625,1.0238647,68.74237,496.78802
1.5403412484682E13,10.292053,11.401367,447.72034,1.0238647,68.74237,496.78802
1.5403432626284E13,11.235046,11.92627,448.2315,1.0238647,68.74237,496.78802
1.5403452767885E13,10.415649,11.851501,447.72186,1.0238647,68.74237,496.78802
1.5403472909487E13,9.408569,12.281799,446.53015,1.0238647,68.74237,496.78802
1.5403493051088E13,9.506226,12.963867,445.86182,1.0238647,68.74237,496.78802
1.540351319269E13,10.488892,12.799072,446.02356,1.0238647,68.74237,496.78802
1.5403533334291E13,10.089111,12.948608,446.52557,1.0238647,68.74237,496.78802
1.5403553475893E13,8.470154,13.310242,446.87805,1.0238647,68.74237,496.78802
1.5403573617495E13,9.364319,13.130188,446.17767,1.0238647,68.74237,496.78802
1.5403593759096E13,10.287476,13.775635,445.78857,1.0238647,68.74237,496.78802
1.5403613900698E13,10.371399,14.520264,446.0312,1.0238647,68.74237,496.78802
1.5403634042299E13,10.661316,13.452148,446.31653,1.0238647,68.74237,496.78802
1.5403654183901E13,11.669922,13.787842,446.15784,1.0238647,68.74237,496.78802
1.5403674325502E13,12.272644,14.692688,445.86182,1.0238647,68.74237,496.78802
1.5403694467104E13,11.854553,14.064026,445.2484,1.0238647,68.74237,496.78802
1.5403714608705E13,11.37085,13.65509,445.05157,1.0238647,68.74237,496.78802
1.5403734750307E13,11.235046,13.65509,445.18433,1.0238647,68.74237,496.78802
1.5403754891909E13,11.122131,13.990784,445.51392,1.0238647,68.74237,496.78802
1.540377503351E13,11.51123,13.948059,445.47272,1.0238647,68.74237,496.78802
1.5403795175112E13,11.753845,13.827515,445.3537,1.0238647,68.74237,496.78802
1.5403815316713E13,10.676575,13.70697,445.94116,1.0238647,68.74237,496.78802
1.5403835458315E13,11.875916,13.415527,445.4956,1.0238647,68.74237,496.78802
1.5403855599916E13,12.617493,13.310242,445.18433,1.0238647,68.74237,496.78802
1.5403875741518E13,12.362671,15.090942,445.6848,1.0238647,68.74237,496.78802
1.540389588312E13,12.272644,13.949585,445.36438,1.0238647,68.74237,496.78802
1.5403916024721E13,12.272644,13.310242,445.18433,1.0238647,68.74237,496.78802
1.5403936166323E13,12.001038,14.390564,445.9793,1.0238647,68.74237,496.78802
1.5403956307924E13,13.006592,14.152527,445.14313,1.0238647,68.74237,496.78802
1.5403976449526E13,13.310242,14.001465,444.84558,1.0238647,68.74237,496.78802
1.5403996591127E13,12.1658325,15.428162,445.68634,1.0238647,68.74237,496.78802
1.5404016732729E13,12.495422,17.152405,444.18793,1.0238647,68.74237,496.78802
1.540403687433E13,12.617493,17.45758,443.82935,1.0238647,68.74237,496.78802
1.5404057015932E13,13.667297,17.607117,446.32874,1.0238647,68.74237,496.78802
1.5404077157534E13,14.126587,19.126892,444.94934,1.0238647,68.74237,496.78802
1.5404097299135E13,14.173889,19.358826,444.6762,1.0238647,68.74237,496.78802
1.5404117440737E13,12.913513,17.469788,444.6762,1.0238647,68.74237,496.78802
1.5404137582338E13,14.202881,17.440796,445.13855,1.0238647,68.74237,496.78802
1.540415772394E13,14.346313,17.45758,445.18433,1.0238647,68.74237,496.78802
1.5404177865541E13,14.840698,19.270325,445.99304,1.0238647,68.74237,496.78802
1.5404198007143E13,15.028381,21.16394,446.5149,1.0238647,68.74237,496.78802
1.5404218148745E13,15.037537,21.26007,446.5393,1.0238647,68.74237,496.78802
1.5404238290346E13,12.794495,19.706726,445.35675,1.0238647,68.74237,496.78802
1.5404258431948E13,14.851379,20.735168,445.018,1.0238647,68.74237,496.78802
1.5404278573549E13,14.8880005,20.765686,445.05768,1.0238647,68.74237,496.78802
1.5404298715151E13,15.705872,21.612549,446.5622,1.0238647,68.74237,496.78802
1.5404318856752E13,15.211487,21.77887,447.04742,1.0238647,68.74237,496.78802
1.5404338998354E13,15.272522,21.913147,446.96503,1.0238647,68.74237,496.78802
1.5404359139955E13,16.133118,23.620605,446.00525,1.0238647,68.74237,496.78802
1.5404379281557E13,16.766357,22.988892,447.55554,1.0238647,68.74237,496.78802
1.5404399423159E13,16.645813,23.226929,447.6349,1.0238647,68.74237,496.78802
1.540441956476E13,15.838623,25.439453,448.29712,1.0238647,68.74237,496.78802
1.5404439706362E13,16.593933,28.001404,448.73962,1.0238647,68.74237,496.78802
1.5404459847963E13,16.345215,28.02887,448.93036,1.0238647,68.74237,496.78802
1.5404479989565E13,14.860535,27.998352,450.0412,1.0238647,68.74237,496.78802
1.5404500131166E13,14.001465,27.137756,450.60272,1.0238647,68.74237,496.78802
1.5404520272768E13,13.684082,27.102661,450.91248,1.0238647,68.74237,496.78802
1.540454041437E13,12.037659,27.075195,452.6718,1.0238647,68.74237,496.78802
1.5404560555971E13,10.543823,27.48413,454.66766,1.0238647,68.74237,496.78802
1.5404580697573E13,10.159302,27.43988,454.87823,1.0238647,68.74237,496.78802
1.5404600839174E13,8.235168,27.087402,455.64423,1.0238647,68.74237,496.78802
1.5404620980776E13,6.05011,26.446533,456.02112,1.0238647,68.74237,496.78802
1.5404641122377E13,4.9957275,26.495361,456.66046,1.0238647,68.74237,496.78802
1.5404661263979E13,2.0584106,26.359558,457.9712,1.0238647,68.74237,496.78802
1.540468140558E13,1.210022,25.75531,457.3761,1.0238647,68.74237,496.78802
1.5404701547182E13,-0.0579834,25.524902,457.2647,1.0238647,68.74237,496.78802
1.5404721688784E13,-3.9489746,24.415588,457.4417,1.0238647,68.74237,496.78802
1.5404741830385E13,-6.5689087,23.162842,458.22296,1.0238647,68.7423